0 0.0703125 0.5083333333333333 0.0703125 0.5212962962962963 0.0765625 0.5231481481481481 0.11927083333333334 0.49722222222222223 0.12291666666666666 0.4935185185185185 0.1234375 0.4861111111111111 0.11979166666666667 0.4777777777777778 0.1125 0.4787037037037037 0.08489583333333334 0.49444444444444446
0 0.16302083333333334 0.4537037037037037 0.1640625 0.4666666666666667 0.16822916666666668 0.4703703703703704 0.171875 0.46944444444444444 0.21302083333333333 0.45092592592592595 0.215625 0.4462962962962963 0.215625 0.4398148148148148 0.21302083333333333 0.4324074074074074 0.2078125 0.4324074074074074 0.16770833333333332 0.44907407407407407
0 0.2557291666666667 0.4148148148148148 0.25364583333333335 0.4185185185185185 0.2546875 0.4305555555555556 0.2625 0.43333333333333335 0.3015625 0.4222222222222222 0.3046875 0.4185185185185185 0.3046875 0.4083333333333333 0.3015625 0.40370370370370373 0.2953125 0.40370370370370373
0 0.34427083333333336 0.3962962962962963 0.34322916666666664 0.4083333333333333 0.3463541666666667 0.41388888888888886 0.3854166666666667 0.4101851851851852 0.39114583333333336 0.40370370370370373 0.390625 0.39351851851851855 0.3875 0.3907407407407407
0 0.43020833333333336 0.39166666666666666 0.42864583333333334 0.4046296296296296 0.4317708333333333 0.40925925925925927 0.4703125 0.4111111111111111 0.4739583333333333 0.4074074074074074 0.4739583333333333 0.39444444444444443 0.471875 0.3925925925925926
0 0.5109375 0.40370370370370373 0.5104166666666666 0.41388888888888886 0.5119791666666667 0.41759259259259257 0.5432291666666667 0.425 0.5515625 0.425 0.5546875 0.4185185185185185 0.5546875 0.4101851851851852 0.5505208333333333 0.4064814814814815 0.5213541666666667 0.4 0.5130208333333334 0.4
0 0.5895833333333333 0.42592592592592593 0.5895833333333333 0.4361111111111111 0.5927083333333333 0.4398148148148148 0.6260416666666667 0.4537037037037037 0.63125 0.44814814814814813 0.6317708333333333 0.43796296296296294 0.6286458333333333 0.43333333333333335 0.5989583333333334 0.4212962962962963 0.5916666666666667 0.4212962962962963
0 0.6671875 0.45555555555555555 0.6645833333333333 0.4601851851851852 0.6645833333333333 0.46944444444444444 0.66875 0.4740740740740741 0.6963541666666667 0.49074074074074076 0.7026041666666667 0.49074074074074076 0.7046875 0.48518518518518516 0.7052083333333333 0.47685185185185186 0.7036458333333333 0.47314814814814815 0.671875 0.4546296296296296
0 0.7369791666666666 0.5074074074074074 0.7380208333333333 0.5185185185185185 0.7552083333333334 0.5305555555555556 0.7567708333333333 0.5287037037037037 0.7567708333333333 0.5166666666666667 0.753125 0.5083333333333333 0.7416666666666667 0.5009259259259259
2 0.071875 0.9944444444444445 0.0703125 0.9990740740740741 0.0953125 0.9990740740740741 0.12708333333333333 0.9638888888888889 0.196875 0.9018518518518519 0.23333333333333334 0.875 0.28541666666666665 0.8435185185185186 0.3390625 0.8194444444444444 0.39739583333333334 0.8018518518518518 0.4765625 0.7935185185185185 0.5328125 0.7981481481481482 0.5645833333333333 0.8046296296296296 0.6166666666666667 0.8222222222222222 0.64375 0.8351851851851851 0.6864583333333333 0.8601851851851852 0.7385416666666667 0.899074074074074 0.7822916666666667 0.9398148148148148 0.8338541666666667 0.9990740740740741 0.8567708333333334 0.9990740740740741 0.8255208333333334 0.9583333333333334 0.7854166666666667 0.9138888888888889 0.7416666666666667 0.8731481481481481 0.6822916666666666 0.8305555555555556 0.6333333333333333 0.8046296296296296 0.5953125 0.7898148148148149 0.5489583333333333 0.7768518518518519 0.48802083333333335 0.7703703703703704 0.4421875 0.7722222222222223 0.38697916666666665 0.7814814814814814 0.3416666666666667 0.7953703703703704 0.28541666666666665 0.8203703703703704 0.24427083333333333 0.8435185185185186 0.18958333333333333 0.8824074074074074 0.1296875 0.9342592592592592
3 0.07083333333333333 0.5018518518518519 0.06875 0.5148148148148148 0.06145833333333333 0.525 0.0453125 0.5351851851851852 0 0.5768518518518518 0 0.9990740740740741 0.9994791666666667 0.9990740740740741 0.9994791666666667 0.8175925925925925 0.9505208333333334 0.7425925925925926 0.890625 0.6648148148148149 0.821875 0.5907407407407408 0.7645833333333333 0.5388888888888889 0.7630208333333334 0.5333333333333333 0.7640625 0.5120370370370371 0.7625 0.49444444444444446 0.7541666666666667 0.4981481481481482 0.7526041666666666 0.48055555555555557 0.7552083333333334 0.4027777777777778 0.7677083333333333 0.30092592592592593 0.7817708333333333 0.24259259259259258 0.7927083333333333 0.20833333333333334 0.8203125 0.14629629629629629 0.8411458333333334 0.1111111111111111 0.8630208333333333 0.08518518518518518 0.8958333333333334 0.05648148148148148 0.9317708333333333 0.03888888888888889 0.9994791666666667 0.026851851851851852 0.9994791666666667 0 0.6020833333333333 0 0.49895833333333334 0.09814814814814815 0.4942708333333333 0.10740740740740741 0.42239583333333336 0.17777777777777778 0.3411458333333333 0.2518518518518518 0.203125 0.387037037037037 0.153125 0.43148148148148147 0.15052083333333333 0.43796296296296294 0.13958333333333334 0.4462962962962963 0.1375 0.45185185185185184 0.1265625 0.4583333333333333 0.1 0.48518518518518516 0.078125 0.5009259259259259