0 0.3494791666666667 0.9888888888888889 0.3484375 0.9990740740740741 0.3619791666666667 0.9990740740740741 0.39375 0.9805555555555555 0.39895833333333336 0.9722222222222222 0.39739583333333334 0.9666666666666667 0.3932291666666667 0.9648148148148148
0 0.43333333333333335 0.9416666666666667 0.4328125 0.9472222222222222 0.4354166666666667 0.9518518518518518 0.4427083333333333 0.950925925925926 0.4703125 0.9324074074074075 0.47760416666666666 0.9222222222222223 0.47760416666666666 0.9185185185185185 0.4713541666666667 0.9157407407407407
0 0.5973958333333333 0.8074074074074075 0.5989583333333334 0.812962962962963 0.6057291666666667 0.812962962962963 0.6203125 0.8 0.6296875 0.7851851851851852 0.6270833333333333 0.7814814814814814 0.61875 0.7824074074074074
0 0.6432291666666666 0.7518518518518519 0.64375 0.7583333333333333 0.6515625 0.7592592592592593 0.6682291666666667 0.737037037037037 0.6703125 0.7305555555555555 0.6583333333333333 0.7305555555555555
0 0.6848958333333334 0.6861111111111111 0.6770833333333334 0.7018518518518518 0.678125 0.7046296296296296 0.6854166666666667 0.7064814814814815 0.6890625 0.7037037037037037 0.7005208333333334 0.6805555555555556 0.6927083333333334 0.6768518518518518
0 0.7057291666666666 0.6398148148148148 0.7026041666666667 0.6537037037037037 0.7114583333333333 0.6546296296296297 0.7171875 0.6462962962962963 0.721875 0.6296296296296297 0.7114583333333333 0.6277777777777778
0 0.7213541666666666 0.5907407407407408 0.7192708333333333 0.6046296296296296 0.728125 0.6055555555555555 0.7307291666666667 0.6027777777777777 0.734375 0.5842592592592593 0.7260416666666667 0.5824074074074074
0 0.7286458333333333 0.5018518518518519 0.728125 0.512962962962963 0.7302083333333333 0.5212962962962963 0.7390625 0.5194444444444445 0.7395833333333334 0.5074074074074074 0.7375 0.5009259259259259
0 0.7234375 0.46574074074074073 0.7223958333333333 0.4722222222222222 0.7244791666666667 0.48148148148148145 0.7270833333333333 0.4842592592592593 0.734375 0.4824074074074074 0.734375 0.4740740740740741 0.73125 0.46574074074074073
0 0.7119791666666667 0.43425925925925923 0.7130208333333333 0.4425925925925926 0.7166666666666667 0.44907407407407407 0.7255208333333333 0.44814814814814813 0.7213541666666666 0.43425925925925923
0 0.6984375 0.40370370370370373 0.6973958333333333 0.4083333333333333 0.7026041666666667 0.41759259259259257 0.7119791666666667 0.41759259259259257 0.7072916666666667 0.40555555555555556
0 0.6796875 0.3787037037037037 0.6859375 0.3907407407407407 0.6942708333333333 0.38981481481481484 0.6890625 0.3787037037037037
0 0.6109375 0.3138888888888889 0.6098958333333333 0.3175925925925926 0.6192708333333333 0.325 0.6291666666666667 0.32407407407407407 0.6203125 0.3148148148148148
0 0.5848958333333333 0.29907407407407405 0.5848958333333333 0.30185185185185187 0.59375 0.3074074074074074 0.6020833333333333 0.30648148148148147 0.5916666666666667 0.29814814814814816
0 0.5572916666666666 0.28425925925925927 0.5572916666666666 0.287962962962963 0.5640625 0.2916666666666667 0.5723958333333333 0.29259259259259257 0.5744791666666667 0.2898148148148148
0 0.5270833333333333 0.27314814814814814 0.5270833333333333 0.2759259259259259 0.5328125 0.27870370370370373 0.5453125 0.27870370370370373 0.5359375 0.2722222222222222
0 0.5052083333333334 0.26481481481481484 0.5057291666666667 0.26851851851851855 0.5140625 0.2675925925925926 0.5119791666666667 0.2638888888888889
0 0.38229166666666664 0.23981481481481481 0.38229166666666664 0.24259259259259258 0.38645833333333335 0.24444444444444444 0.3963541666666667 0.24166666666666667
0 0.34791666666666665 0.23703703703703705 0.3484375 0.24074074074074073 0.35572916666666665 0.24166666666666667 0.36666666666666664 0.23796296296296296
0 0.3140625 0.2351851851851852 0.3109375 0.23796296296296296 0.33229166666666665 0.23796296296296296 0.328125 0.23425925925925925
0 0.2765625 0.2361111111111111 0.2765625 0.23981481481481481 0.29635416666666664 0.23703703703703705 0.29583333333333334 0.23425925925925925
0 0.240625 0.23796296296296296 0.2375 0.24074074074074073 0.25677083333333334 0.24074074074074073 0.259375 0.23703703703703705
0 0.20208333333333334 0.24259259259259258 0.20104166666666667 0.24444444444444444 0.209375 0.24537037037037038 0.22291666666666668 0.24074074074074073
0 0.16302083333333334 0.24814814814814815 0.1625 0.25092592592592594 0.17291666666666666 0.25092592592592594 0.18645833333333334 0.24444444444444444
2 0.7261078125 0.578400925925926 0.8243911458333333 0.572375925925926 0.9057286458333333 0.5799074074074073 0.8498088541666667 0.5678574074074073 0.7371223958333334 0.5678574074074073 0.7405114583333333 0.5332138888888889 0.7303442708333333 0.5271888888888889
2 0.9980807291666667 0.5964759259259259 0.8091401041666667 0.5618324074074074 0.735428125 0.536225925925926 0.72865 0.524175925925926 0.8159182291666667 0.554300925925926 0.9802880208333333 0.5859324074074074
2 0.4016046875 0.24702499999999997 0.4643026041666667 0.256062962962963 0.5083604166666666 0.26961944444444447 0.5303890625 0.2364814814814815 0.593934375 0.19731944444444444 0.6066432291666667 0.18828148148148147 0.5812255208333333 0.19581296296296297 0.5380145833333334 0.22141944444444445 0.5032765625000001 0.262087962962963 0.4380369791666666 0.24401296296296296 0.4109244791666667 0.23798796296296296
2 0.8743796875 0.114475 0.3922848958333333 0.24099999999999996 0.41261927083333333 0.24401296296296296
3 0.005208333333333333 0.283187962962963 0 0.28503981481481483 0 0.34244722222222224 0.005208333333333333 0.3433731481481482 0.0587796875 0.32511944444444446 0.1361609375 0.30263240740740743 0.2462796875 0.29205092592592596 0.34821406250000003 0.29072777777777775 0.4233630208333333 0.3132148148148148 0.4806546875 0.3370240740740741 0.5349703125 0.39654814814814815 0.5535713541666667 0.461362962962963 0.5379463541666667 0.5327916666666667 0.48363072916666666 0.6148018518518519 0.4099703125 0.6782944444444444 0.33705364583333336 0.7259129629629629 0.1994046875 0.7827916666666667 0.0375 0.8081879629629629 0 0.8091138888888888 0 0.995225 0.42083333333333334 0.995225 0.4421875 0.9674472222222222 0.4473958333333333 0.9535583333333334 0.45625 0.9526324074074075 0.45625 0.9480027777777777 0.5057291666666667 0.8887435185185185 0.5567708333333333 0.8433731481481481 0.5994791666666667 0.8137435185185184 0.6057994791666667 0.8096388888888889 0.6156468749999999 0.8042055555555556 0.623796875 0.7993768518518518 0.6288901041666667 0.7963583333333334 0.634375 0.7933731481481481 0.6723958333333333 0.7757805555555555 0.7229166666666667 0.7600398148148148 0.7817708333333333 0.7489287037037037 0.8270833333333333 0.7452249999999999 0.9057291666666667 0.7480027777777778 0.9994791666666667 0.7637435185185185 0.9994791666666667 0.4719185185185185 0.9159817708333333 0.4602666666666667 0.8111109375000001 0.43841851851851854 0.7005046875000001 0.39180925925925925 0.6382375 0.3364611111111111 0.6243093749999999 0.2942212962962963 0.6374182291666667 0.2548944444444444 0.6938572916666667 0.21937870370370371 0.7934432291666667 0.19051296296296297 0.8713807291666666 0.16257314814814816 0.9493177083333334 0.13948055555555555 0.9980286458333333 0.13563240740740742 0.9994791666666667 0.04800277777777778 0.9869791666666666 0.047076851851851856 0.14010416666666667 0.25355833333333333