3 0.8104166666666667 0.32407407407407407 0.8098958333333334 0.34444444444444444 0.8140625 0.35185185185185186 0.809375 0.36574074074074076 0.8057291666666667 0.44907407407407407 0.8192708333333333 0.462037037037037 0.8307291666666666 0.46296296296296297 0.909375 0.43703703703703706 0.9223958333333333 0.42777777777777776 0.9244791666666666 0.42314814814814816 0.9322916666666666 0.42685185185185187 0.9546875 0.425 0.9604166666666667 0.4537037037037037 0.9557291666666666 0.46111111111111114 0.9494791666666667 0.5574074074074075 0.95 0.5796296296296296 0.9744791666666667 0.6083333333333333 0.9994791666666667 0.6444444444444445 0.9994791666666667 0.37407407407407406 0.9057291666666667 0.3277777777777778 0.8203125 0.29907407407407405 0.8135416666666667 0.3
2 0.95625 0.4425925925925926 0.9557291666666666 0.45185185185185184 0.959375 0.4583333333333333 0.9994791666666667 0.4861111111111111 0.9994791666666667 0.46944444444444444 0.9604166666666667 0.44166666666666665
3 0.6286458333333333 0.23981481481481481 0.6265625 0.24074074074074073 0.6265625 0.24444444444444444 0.6369791666666667 0.262037037037037 0.6494791666666667 0.2740740740740741 0.6703125 0.30833333333333335 0.6869791666666667 0.325 0.6942708333333333 0.34074074074074073 0.7307291666666667 0.39351851851851855 0.7723958333333333 0.41944444444444445 0.7822916666666667 0.4287037037037037 0.7859375 0.425 0.7885416666666667 0.3768518518518518 0.7885416666666667 0.3527777777777778 0.7864583333333334 0.34444444444444444 0.7901041666666667 0.3351851851851852 0.790625 0.29259259259259257 0.7822916666666667 0.2898148148148148 0.7791666666666667 0.2824074074074074 0.7927083333333333 0.262037037037037 0.7942708333333334 0.22592592592592592 0.7984375 0.20925925925925926 0.7979166666666667 0.20277777777777778
2 0.68125 0.31851851851851853 0.6817708333333333 0.32407407407407407 0.6885416666666667 0.3296296296296296 0.7041666666666667 0.3287037037037037 0.7291666666666666 0.33425925925925926 0.7635416666666667 0.3435185185185185 0.7895833333333333 0.35555555555555557 0.790625 0.3490740740740741 0.7890625 0.3435185185185185 0.7796875 0.3388888888888889 0.7421875 0.3277777777777778
2 0.809375 0.3527777777777778 0.8083333333333333 0.35648148148148145 0.8114583333333333 0.362962962962963 0.8635416666666667 0.38796296296296295 0.9213541666666667 0.4305555555555556 0.9380208333333333 0.4287037037037037 0.9276041666666667 0.41759259259259257 0.8661458333333333 0.37592592592592594 0.8244791666666667 0.35555555555555557
0 0.7703125 0.2851851851851852 0.7786458333333334 0.2898148148148148 0.790625 0.2898148148148148 0.7796875 0.2824074074074074
0 0.7328125 0.2759259259259259 0.73125 0.27870370370370373 0.7328125 0.28055555555555556 0.740625 0.2824074074074074 0.7541666666666667 0.27870370370370373 0.740625 0.2740740740740741
0 0.69375 0.26944444444444443 0.6927083333333334 0.27314814814814814 0.7015625 0.2759259259259259 0.7114583333333333 0.2759259259259259 0.7171875 0.2722222222222222 0.7088541666666667 0.26851851851851855
3 0.8890625 0.1814814814814815 0.8765625 0.18518518518518517 0.9135416666666667 0.20555555555555555 0.9182291666666667 0.20555555555555555 0.9197916666666667 0.2 0.9197916666666667 0.17685185185185184
0 0.65625 0.2675925925925926 0.65625 0.2722222222222222 0.6723958333333333 0.2722222222222222 0.6776041666666667 0.26851851851851855
3 0.9973958333333334 0.875 0.9630208333333333 0.9212962962962963 0.9411458333333333 0.9425925925925925 0.9145833333333333 0.9638888888888889 0.8588541666666667 0.9944444444444445 0.8729166666666667 0.9990740740740741 0.9994791666666667 0.9990740740740741 0.9994791666666667 0.875
3 0.8546875 0.9944444444444445 0.8541666666666666 0.9990740740740741 0.9994791666666667 0.9990740740740741 0.9994791666666667 0.8740740740740741 0.9609375 0.9231481481481482 0.9328125 0.9490740740740741 0.8875 0.9796296296296296
3 0.8171875 0.21666666666666667 0.8151041666666666 0.23703703703703705 0.8166666666666667 0.24259259259259258 0.871875 0.22407407407407406 0.834375 0.2037037037037037 0.821875 0.20462962962962963