3 0.3921875 0 0.390625 0.005555555555555556 0.43854166666666666 0.030555555555555555 0.46197916666666666 0.053703703703703705 0.47291666666666665 0.07222222222222222 0.48072916666666665 0.09907407407407408 0.484375 0.10092592592592593 0.48385416666666664 0.12037037037037036 0.47708333333333336 0.1259259259259259 0.471875 0.1425925925925926 0.38958333333333334 0.3277777777777778 0.36822916666666666 0.36666666666666664 0.3359375 0.4074074074074074 0.30833333333333335 0.43425925925925923 0.271875 0.4638888888888889 0.2125 0.5009259259259259 0.15729166666666666 0.5268518518518519 0.10520833333333333 0.5462962962962963 0 0.5675925925925925 0 0.9990740740740741 0.9994791666666667 0.9990740740740741 0.9994791666666667 0.7694444444444445 0.9385416666666667 0.7287037037037037 0.8885416666666667 0.6861111111111111 0.8322916666666667 0.6287037037037037 0.8005208333333333 0.5879629629629629 0.778125 0.5527777777777778 0.7598958333333333 0.5185185185185185 0.7390625 0.46296296296296297 0.7307291666666667 0.4148148148148148 0.7307291666666667 0.38055555555555554 0.7447916666666666 0.17314814814814813 0.7510416666666667 0.14722222222222223 0.7645833333333333 0.12314814814814815 0.7895833333333333 0.09907407407407408 0.7916666666666666 0.09259259259259259 0.796875 0.03518518518518519 0.796875 0.013888888888888888 0.7916666666666666 0.004629629629629629 0.7921875 0
0 0.48072916666666665 0.11296296296296296 0.48072916666666665 0.11666666666666667 0.484375 0.11666666666666667 0.49375 0.1037037037037037 0.4942708333333333 0.09814814814814815 0.4875 0.1
0 0.5005208333333333 0.08518518518518518 0.5005208333333333 0.08981481481481482 0.5041666666666667 0.08981481481481482 0.5151041666666667 0.07407407407407407 0.5083333333333333 0.07407407407407407
0 0.5234375 0.06111111111111111 0.5229166666666667 0.06481481481481481 0.5255208333333333 0.06666666666666667 0.5369791666666667 0.05648148148148148 0.5390625 0.05 0.5338541666666666 0.05
2 0.553125 0.34074074074074073 0.5520833333333334 0.35 0.5536458333333333 0.3527777777777778 0.5609375 0.3472222222222222 0.6083333333333333 0.16018518518518518 0.6161458333333333 0.13796296296296295 0.6302083333333334 0.11296296296296296 0.646875 0.09259259259259259 0.6776041666666667 0.06574074074074074 0.73125 0.037037037037037035 0.7723958333333333 0.023148148148148147 0.7895833333333333 0.022222222222222223 0.7927083333333333 0.018518518518518517 0.796875 0.020370370370370372 0.7994791666666666 0.013888888888888888 0.7989583333333333 0.008333333333333333 0.7625 0.014814814814814815 0.7166666666666667 0.032407407407407406 0.690625 0.046296296296296294 0.6578125 0.06944444444444445 0.6296875 0.09907407407407408 0.61875 0.11481481481481481 0.6041666666666666 0.14444444444444443
0 0.5484375 0.040740740740740744 0.5505208333333333 0.046296296296296294 0.5671875 0.03611111111111111 0.5651041666666666 0.02962962962962963 0.5598958333333334 0.02962962962962963
0 0.578125 0.018518518518518517 0.5760416666666667 0.025 0.5791666666666667 0.027777777777777776 0.5901041666666667 0.022222222222222223 0.5942708333333333 0.014814814814814815 0.590625 0.012037037037037037
2 0.8197916666666667 0.003703703703703704 0.815625 0.008333333333333333 0.8223958333333333 0.012037037037037037 0.8942708333333333 0.004629629629629629 0.8963541666666667 0 0.8234375 0
3 0.8135416666666667 0.008333333333333333 0.8088541666666667 0.06018518518518518 0.809375 0.07777777777777778 0.8125 0.0824074074074074 0.8494791666666667 0.06851851851851852 0.8921875 0.05925925925925926 0.9339489583333334 0.05462962962962963 0.9994791666666667 0.05648148148148148 0.9994791666666667 0 0.8171875 0.004629629629629629
0 0.60625 0.003703703703703704 0.6057291666666667 0.010185185185185186 0.6104166666666667 0.011111111111111112 0.6197916666666666 0.005555555555555556 0.6229166666666667 0 0.6088541666666667 0
3 0.8395833333333333 0.14537037037037037 0.859375 0.49074074074074076 0.8739583333333333 0.4981481481481482 0.9994791666666667 0.5203703703703704 0.9994791666666667 0.15648148148148147 0.8567708333333334 0.14074074074074075 0.8411458333333334 0.14074074074074075
1 0.8400296875 0.14021203703703705 0.8444942708333334 0.22751296296296297 0.9992557291666666 0.2473546296296296 0.9992557291666666 0.15608425925925926
1 0.8444942708333334 0.22619074074074075 0.851190625 0.345237962962963 0.9994791666666667 0.36640185185185187 0.9992557291666666 0.24338611111111114
1 0.8526786458333333 0.3439157407407407 0.8623510416666667 0.5039685185185184 0.9994791666666667 0.5211638888888889 0.9977677083333333 0.37037037037037035