0 0.525 0.6762860727728983 0.5195652173913043 0.6813048933500627 0.532608695652174 0.6863237139272271 0.5260869565217391 0.6762860727728983
0 0.5021739130434782 0.6675031367628608 0.5 0.671267252195734 0.5076086956521739 0.6750313676286073 0.525 0.6750313676286073 0.5119565217391304 0.6675031367628608
0 0.48043478260869565 0.657465495608532 0.4782608695652174 0.6612296110414053 0.48695652173913045 0.6649937264742786 0.5021739130434782 0.6649937264742786 0.4815217391304348 0.657465495608532
0 0.46195652173913043 0.6511919698870765 0.45543478260869563 0.6537013801756587 0.46195652173913043 0.657465495608532 0.4771739130434783 0.657465495608532 0.47608695652173916 0.6537013801756587 0.46630434782608693 0.6511919698870765
0 0.4380434782608696 0.64366373902133 0.43478260869565216 0.6461731493099122 0.4543478260869565 0.6499372647427855 0.45217391304347826 0.6461731493099122 0.4391304347826087 0.64366373902133
0 0.4206521739130435 0.6398996235884568 0.41847826086956524 0.64366373902133 0.4358695652173913 0.6461731493099122 0.4326086956521739 0.6411543287327478 0.425 0.6398996235884568
0 0.3978260869565217 0.6348808030112923 0.3978260869565217 0.6398996235884568 0.4152173913043478 0.6398996235884568 0.4032608695652174 0.6348808030112923
0 0.38369565217391305 0.6323713927227101 0.3760869565217391 0.6323713927227101 0.3826086956521739 0.6361355081555834 0.391304347826087 0.6361355081555834 0.391304347826087 0.6323713927227101
0 0.3565217391304348 0.6273525721455459 0.3576086956521739 0.6311166875784191 0.3717391304347826 0.6311166875784191 0.35978260869565215 0.6273525721455459
0 0.3418478260869565 0.6248431618569636 0.3293478260869565 0.6260978670012547 0.3521739130434783 0.6286072772898369 0.34782608695652173 0.6248431618569636
0 0.31521739130434784 0.6223337515683814 0.3141304347826087 0.6260978670012547 0.33260869565217394 0.6260978670012547 0.3239130434782609 0.6223337515683814
0 0.29782608695652174 0.6210790464240903 0.2902173913043478 0.6223337515683814 0.30978260869565216 0.6235884567126725 0.3032608695652174 0.6210790464240903
0 0.2505434782608696 0.6185696361355082 0.24347826086956523 0.6198243412797992 0.2619565217391304 0.6198243412797992 0.2576086956521739 0.6185696361355082
0 0.2776630434782609 0.6210915934755332 0.013141304347826087 0.0025972396486825594
0 0.22828260869565217 0.6184943538268507 0.01577173913043478 0.0034629861982434125
0 0.20275 0.6189209535759096 0.02027173913043478 0.0043287327478042665
0 0.17233695652173914 0.6193601003764115 0.012760869565217391 0.0034629861982434125
2 0.015217391304347827 0.6474278544542033 0 0.6474278544542033 0 0.6549560853199499 0.14021739130434782 0.6649937264742786 0.19456521739130433 0.6775407779171895 0.22608695652173913 0.6900878293601004 0.2532608695652174 0.7076537013801757 0.2684782608695652 0.7302383939774153 0.27391304347826084 0.7641154328732748 0.266304347826087 0.8017565872020075 0.2358695652173913 0.8695106649937264 0.26413043478260867 0.8732747804265998 0.2728260869565217 0.8695106649937264 0.29347826086956524 0.8193224592220828 0.3010869565217391 0.7841907151819323 0.3010869565217391 0.7540777917189461 0.2967391304347826 0.7365119196988708 0.2728260869565217 0.7038895859473023 0.23369565217391305 0.6813048933500627 0.1673913043478261 0.6624843161856964
1 0.7041304347826086 0.5991643663739021 0.6888097826086957 0.6104830614805521 0.8818489130434783 0.6161417816813048 0.8677543478260868 0.6048243412797992
3 0.020652173913043477 0.6223337515683814 0 0.6235884567126725 0 0.917189460476788 0.9989130434782608 0.9159347553324969 0.9989130434782608 0.9021329987452948 0.9902173913043478 0.8983688833124216 0.8217391304347826 0.8406524466750314 0.6826086956521739 0.7791718946047679 0.5684782608695652 0.7139272271016311 0.5184782608695652 0.6787954830614805 0.5152173913043478 0.6700125470514429 0.525 0.6700125470514429 0.5315217391304348 0.6549560853199499 0.5597826086956522 0.6398996235884568 0.6434782608695652 0.6248431618569636 0.8065217391304348 0.6210790464240903 0.9326086956521739 0.6260978670012547 0.9989130434782608 0.6336260978670013 0.9989130434782608 0.6110414052697616 0.7260869565217392 0.6010037641154329 0.7032608695652174 0.6022584692597239 0.6934782608695652 0.6072772898368883 0.6880434782608695 0.6010037641154329 0.6630434782608695 0.6010037641154329 0.4815217391304348 0.6060225846925973 0.32717391304347826 0.616060225846926 0.3065217391304348 0.6135508155583438 0.3010869565217391 0.617314930991217 0.27717391304347827 0.6148055207026348 0.266304347826087 0.6210790464240903 0.23695652173913043 0.616060225846926 0.23043478260869565 0.6198243412797992