0 0.08072916666666667 0.975925925925926 0.07916666666666666 0.9990740740740741 0.09583333333333334 0.9990740740740741 0.1015625 0.9398148148148148 0.09635416666666667 0.9388888888888889 0.08802083333333334 0.9435185185185185 0.084375 0.950925925925926
0 0.10520833333333333 0.8333333333333334 0.10052083333333334 0.8555555555555555 0.10208333333333333 0.8592592592592593 0.11145833333333334 0.8546296296296296 0.115625 0.8425925925925926 0.1265625 0.7796296296296297 0.1265625 0.7712962962962963 0.1234375 0.7722222222222223 0.11927083333333334 0.7814814814814814
2 0.4510416666666667 0.6370370370370371 0.4510416666666667 0.7037037037037037 0.4546875 0.7722222222222223 0.4630208333333333 0.8490740740740741 0.4734375 0.9138888888888889 0.4869791666666667 0.9805555555555555 0.49270833333333336 0.9990740740740741 0.5114583333333333 0.9990740740740741 0.48541666666666666 0.8805555555555555 0.4708333333333333 0.7805555555555556 0.46458333333333335 0.6777777777777778 0.46770833333333334 0.575 0.4666666666666667 0.5546296296296296 0.4609375 0.5546296296296296 0.45625 0.5592592592592592
0 0.45989583333333334 0.49444444444444446 0.459375 0.5157407407407407 0.46875 0.5157407407407407 0.4713541666666667 0.5027777777777778 0.471875 0.475 0.4635416666666667 0.4740740740740741
0 0.4640625 0.42777777777777776 0.4640625 0.44074074074074077 0.4739583333333333 0.4388888888888889 0.47604166666666664 0.4101851851851852 0.475 0.40370370370370373 0.4666666666666667 0.4046296296296296
0 0.46927083333333336 0.3537037037037037 0.46875 0.3731481481481482 0.47708333333333336 0.3731481481481482 0.4796875 0.3425925925925926 0.471875 0.3416666666666667
0 0.4734375 0.2916666666666667 0.47239583333333335 0.3138888888888889 0.48020833333333335 0.3138888888888889 0.4822916666666667 0.2861111111111111 0.4744791666666667 0.2861111111111111
0 0.47604166666666664 0.2462962962962963 0.47604166666666664 0.2601851851851852 0.48385416666666664 0.25925925925925924 0.48489583333333336 0.2351851851851852 0.47760416666666666 0.2361111111111111
0 0.4796875 0.1925925925925926 0.4791666666666667 0.2111111111111111 0.48385416666666664 0.21296296296296297 0.4875 0.2074074074074074 0.48802083333333335 0.19074074074074074 0.4822916666666667 0.18888888888888888
0 0.4822916666666667 0.15462962962962962 0.4817708333333333 0.1675925925925926 0.48802083333333335 0.1685185185185185 0.490625 0.14907407407407408 0.484375 0.14722222222222223
0 0.48489583333333336 0.11296296296296296 0.484375 0.12777777777777777 0.49114583333333334 0.12777777777777777 0.49270833333333336 0.11018518518518519 0.4869791666666667 0.10833333333333334
0 0.4869791666666667 0.075 0.4875 0.09166666666666666 0.4921875 0.09074074074074075 0.4942708333333333 0.07407407407407407 0.490625 0.07222222222222222
0 0.4890625 0.04259259259259259 0.4890625 0.05648148148148148 0.4942708333333333 0.05648148148148148 0.49583333333333335 0.040740740740740744 0.49114583333333334 0.03981481481481482
0 0.49114583333333334 0.012037037037037037 0.490625 0.024074074074074074 0.49583333333333335 0.025 0.4973958333333333 0.022222222222222223 0.4973958333333333 0.011111111111111112
3 0.0625 0.9960314814814815 0.9806546875 0.9973546296296296 0.8883927083333333 0.8756611111111111 0.7924109375 0.6679898148148148 0.7366072916666667 0.3994712962962963 0.6845239583333333 0.1071425925925926 0.7864583333333334 0.09259259259259259 0.8928572916666667 0.4338620370370371 0.9985119791666667 0.41402129629629625 0.9992557291666666 0 0.3400296875 0.0013231481481481482