2 0.3859375 0.687962962962963 0.3854166666666667 0.6981481481481482 0.39010416666666664 0.700925925925926 0.4557291666666667 0.6796296296296296 0.5161458333333333 0.6657407407407407 0.6182692708333334 0.6555555555555556 0.9994791666666667 0.6527777777777778 0.9994791666666667 0.637962962962963 0.5223958333333333 0.6435185185185185 0.46875 0.6388888888888888 0.396875 0.6259259259259259 0.3927083333333333 0.6333333333333333 0.3890625 0.674074074074074
2 0.0026041666666666665 0.31574074074074077 0 0.31851851851851853 0.14739583333333334 0.3296296296296296 0.15520833333333334 0.3277777777777778 0.15416666666666667 0.32407407407407407 0.1421875 0.3212962962962963 0.0953125 0.31574074074074077 0.04114583333333333 0.31296296296296294
2 0.553125 0.09814814814814815 0 0.31851851851851853 0.15104166666666666 0.3287037037037037 0.1546875 0.325 0.15260416666666668 0.31851851851851853 0.1890625 0.27685185185185185 0.2552083333333333 0.22777777777777777 0.3046875 0.2037037037037037 0.4359375 0.1537037037037037 0.5640625 0.09814814814814815
0 0.26875 0.9944444444444445 0.2677083333333333 0.9990740740740741 0.28125 0.9990740740740741 0.30364583333333334 0.9592592592592593 0.30416666666666664 0.9527777777777777 0.2947916666666667 0.950925925925926
0 0.13854166666666667 0.32592592592592595 0.13645833333333332 0.3277777777777778 0.1546875 0.3277777777777778 0.1515625 0.325
0 0.2682291666666667 0.9944444444444445 0.26666666666666666 0.9990740740740741 0.28177083333333336 0.9990740740740741 0.30416666666666664 0.9574074074074074 0.30416666666666664 0.9527777777777777 0.29270833333333335 0.9518518518518518
0 0.2947916666666667 0.3888888888888889 0.29791666666666666 0.39444444444444443 0.309375 0.4009259259259259 0.30364583333333334 0.3888888888888889
0 0.16979166666666667 0.33240740740740743 0.17083333333333334 0.33611111111111114 0.18072916666666666 0.3398148148148148 0.19322916666666667 0.33796296296296297 0.18697916666666667 0.3314814814814815
0 0.20416666666666666 0.3425925925925926 0.20520833333333333 0.34629629629629627 0.21666666666666667 0.35185185185185186 0.22760416666666666 0.34814814814814815 0.22604166666666667 0.34444444444444444 0.21458333333333332 0.3398148148148148
0 0.23645833333333333 0.35462962962962963 0.23802083333333332 0.36018518518518516 0.25104166666666666 0.36574074074074076 0.2604166666666667 0.36203703703703705 0.2546875 0.35555555555555557 0.24479166666666666 0.35185185185185186
0 0.36354166666666665 0.46944444444444444 0.36354166666666665 0.4759259259259259 0.3697916666666667 0.48703703703703705 0.3802083333333333 0.48333333333333334 0.3729166666666667 0.4675925925925926
0 0.34479166666666666 0.4388888888888889 0.34322916666666664 0.44537037037037036 0.35104166666666664 0.4537037037037037 0.35572916666666665 0.45555555555555555 0.3619791666666667 0.44907407407407407 0.3536458333333333 0.43703703703703706
0 0.2677083333333333 0.36944444444444446 0.2671875 0.37592592592592594 0.278125 0.3824074074074074 0.29010416666666666 0.38333333333333336 0.29010416666666666 0.3768518518518518 0.2875 0.37407407407407406 0.27760416666666665 0.3685185185185185
0 0.378125 0.5064814814814815 0.378125 0.512962962962963 0.3828125 0.5259259259259259 0.390625 0.5259259259259259 0.39375 0.5222222222222223 0.39010416666666664 0.5046296296296297 0.38333333333333336 0.5027777777777778
0 0.3885416666666667 0.5472222222222223 0.390625 0.5685185185185185 0.3963541666666667 0.5703703703703704 0.40260416666666665 0.5657407407407408 0.40208333333333335 0.5518518518518518 0.39895833333333336 0.5435185185185185 0.39375 0.5425925925925926
0 0.3927083333333333 0.5953703703703703 0.3932291666666667 0.6212962962962963 0.4041666666666667 0.6194444444444445 0.40625 0.6101851851851852 0.40520833333333334 0.5925925925925926 0.4005208333333333 0.5898148148148148
0 0.3765625 0.7324074074074074 0.375 0.7407407407407407 0.3765625 0.7444444444444445 0.38645833333333335 0.7435185185185185 0.390625 0.7333333333333333 0.3953125 0.7092592592592593 0.3890625 0.7064814814814815 0.38229166666666664 0.7101851851851851
0 0.3515625 0.8148148148148148 0.35104166666666664 0.8203703703703704 0.3546875 0.8231481481481482 0.365625 0.8175925925925925 0.3729166666666667 0.799074074074074 0.3770833333333333 0.7787037037037037 0.3734375 0.7759259259259259 0.3651041666666667 0.7777777777777778
0 0.315625 0.9027777777777778 0.31666666666666665 0.9101851851851852 0.32760416666666664 0.9074074074074074 0.346875 0.8685185185185185 0.34791666666666665 0.8611111111111112 0.3385416666666667 0.8583333333333333 0.334375 0.862037037037037
3 0.7119791666666667 0 0.5927083333333333 0.04722222222222222 0.5432291666666667 0.06296296296296296 0.5255208333333333 0.07407407407407407 0.5078125 0.07685185185185185 0.3 0.1537037037037037 0 0.25833333333333336 0 0.40555555555555556 0.027604166666666666 0.40925925925925927 0.07083333333333333 0.4212962962962963 0.11666666666666667 0.4462962962962963 0.1421875 0.4685185185185185 0.15833333333333333 0.49074074074074076 0.16510416666666666 0.5027777777777778 0.17916666666666667 0.5425925925925926 0.17760416666666667 0.6027777777777777 0.16927083333333334 0.6435185185185185 0.15208333333333332 0.6944444444444444 0.1265625 0.7472222222222222 0.08177083333333333 0.8194444444444444 0.0421875 0.8740740740740741 0 0.9194444444444444 0 0.9990740740740741 0.34427083333333336 0.9990740740740741 0.4114583333333333 0.9592592592592593 0.453125 0.9388888888888889 0.53125 0.9101851851851852 0.5895833333333333 0.8962962962962963 0.7375 0.8888888888888888 0.9994791666666667 0.8888888888888888 0.9994791666666667 0.48703703703703705 0.9630208333333333 0.48518518518518516 0.6098958333333333 0.4935185185185185 0.49322916666666666 0.4888888888888889 0.4479166666666667 0.48055555555555557 0.39166666666666666 0.462037037037037 0.378125 0.462037037037037 0.3697916666666667 0.4537037037037037 0.35260416666666666 0.4564814814814815 0.34427083333333336 0.44814814814814813 0.3416666666666667 0.43425925925925923 0.3265625 0.42407407407407405 0.29739583333333336 0.39444444444444443 0.28958333333333336 0.38055555555555554 0.2875 0.34444444444444444 0.2942708333333333 0.31296296296296294 0.30625 0.2916666666666667 0.31979166666666664 0.2759259259259259 0.35 0.25092592592592594 0.403125 0.2222222222222222 0.490625 0.18611111111111112 0.653125 0.10925925925925926 0.7203125 0.09074074074074075 0.7229166666666667 0.07222222222222222 0.7223958333333333 0.04722222222222222 0.7255208333333333 0.030555555555555555 0.7255208333333333 0.010185185185185186 0.7239583333333334 0.002777777777777778 0.7208333333333333 0