0 0.7206521739130435 0.890840652446675 0.6891304347826087 0.918444165621079 0.7467391304347826 0.918444165621079 0.7576086956521739 0.9084065244667503 0.7510869565217392 0.9021329987452948 0.7239130434782609 0.890840652446675
0 0.7858695652173913 0.8255959849435383 0.7510869565217392 0.8619824341279799 0.7423913043478261 0.875784190715182 0.7739130434782608 0.8895859473023839 0.7804347826086957 0.8870765370138017 0.8195652173913044 0.8381430363864492 0.816304347826087 0.8318695106649937 0.7956521739130434 0.8255959849435383
0 0.8239130434782609 0.7766624843161857 0.7989130434782609 0.8105395232120451 0.8 0.8155583437892095 0.8108695652173913 0.820577164366374 0.8315217391304348 0.820577164366374 0.8489130434782609 0.7854454203262233 0.8456521739130435 0.7816813048933501 0.825 0.7779171894604768
0 0.8347826086956521 0.740276035131744 0.8304347826086956 0.7452948557089084 0.825 0.767879548306148 0.8489130434782609 0.7741530740276035 0.841304347826087 0.7452948557089084 0.8358695652173913 0.7415307402760352
0 0.8336956521739131 0.7139272271016311 0.8326086956521739 0.7352572145545797 0.8358695652173913 0.7377666248431619 0.8478260869565217 0.7176913425345044 0.8391304347826087 0.7139272271016311
0 0.8239130434782609 0.6913425345043914 0.8326086956521739 0.7114178168130489 0.8489130434782609 0.7114178168130489 0.8489130434782609 0.7063989962358845 0.8380434782608696 0.6925972396486826 0.825 0.6913425345043914
0 0.8173913043478261 0.6750313676286073 0.8097826086956522 0.6775407779171895 0.8195652173913044 0.6888331242158093 0.8336956521739131 0.6900878293601004 0.8315217391304348 0.6838143036386449 0.8184782608695652 0.6762860727728983
0 0.7913043478260869 0.657465495608532 0.8032608695652174 0.671267252195734 0.8173913043478261 0.671267252195734 0.7978260869565217 0.657465495608532
0 0.7760869565217391 0.6524466750313677 0.7804347826086957 0.657465495608532 0.7978260869565217 0.6624843161856964 0.7902173913043479 0.6537013801756587 0.783695652173913 0.6524466750313677
0 0.7565217391304347 0.6424090338770388 0.7565217391304347 0.64366373902133 0.7608695652173914 0.6474278544542033 0.7641304347826087 0.6474278544542033 0.7652173913043478 0.6486825595984943 0.7684782608695652 0.6486825595984943 0.7695652173913043 0.6499372647427855 0.7728260869565218 0.6499372647427855 0.775 0.6474278544542033 0.7706521739130435 0.6461731493099122 0.7641304347826087 0.6424090338770388
0 0.7358695652173913 0.6361355081555834 0.7369565217391304 0.6373902132998746 0.7391304347826086 0.6373902132998746 0.741304347826087 0.6398996235884568 0.75 0.6411543287327478 0.7510869565217392 0.6424090338770388 0.7554347826086957 0.64366373902133 0.7554347826086957 0.6398996235884568 0.7489130434782608 0.6386449184441656 0.7445652173913043 0.6361355081555834
2 0.6770641304347826 0.6194592220828106 0.7360532608695652 0.6375370138017566 0.7432576086956522 0.6339209535759097 0.8784608695652174 0.6327164366373902 0.9985271739130435 0.6405495608531995 0.9985271739130435 0.6357289836888331
0 0.5469760869565218 0.6019836888331243 0.5673347826086956 0.6025872020075282 0.5668130434782608 0.6049974905897114 0.5495869565217392 0.6049974905897114
0 0.6402173913043478 0.6122961104140527 0.6347826086956522 0.6122961104140527 0.6369565217391304 0.6135508155583438 0.6402173913043478 0.6122961104140527 0.6423913043478261 0.6148055207026348 0.6456521739130435 0.6148055207026348 0.6467391304347826 0.616060225846926 0.6532608695652173 0.616060225846926 0.6543478260869565 0.617314930991217 0.6565217391304348 0.616060225846926 0.6521739130434783 0.6148055207026348 0.6510869565217391 0.6135508155583438 0.6467391304347826 0.6135508155583438 0.6456521739130435 0.6122961104140527
0 0.6616304347826087 0.6168130489335006 0.6561956521739131 0.6168130489335006 0.6583695652173913 0.6180677540777918 0.6616304347826087 0.6168130489335006 0.6670652173913044 0.6193224592220828 0.6681521739130435 0.6205771643663739 0.6746739130434783 0.6205771643663739 0.6757608695652174 0.621831869510665 0.6779347826086957 0.6205771643663739 0.6735869565217392 0.6193224592220828 0.6725000000000001 0.6180677540777918 0.6681521739130435 0.6180677540777918 0.6670652173913044 0.6168130489335006 0.6640217391304347 0.6169385194479298
0 0.6175 0.6121706398996236 0.6294565217391305 0.6132998745294855 0.6345652173913043 0.6132998745294855 0.6355434782608697 0.611417816813049 0.6275 0.6100376411543287 0.6194565217391305 0.6111668757841907
0 0.5966304347826087 0.6092848180677541 0.6086956521739131 0.6096612296110414 0.615 0.609159347553325 0.6113043478260869 0.6072772898368883 0.6046739130434782 0.6062735257214554 0.5973913043478261 0.6065244667503137
0 0.5886956521739131 0.6075282308657466 0.5764130434782608 0.6055207026348808 0.5805434782608696 0.604642409033877 0.5914130434782608 0.604516938519448 0.5945652173913043 0.605771643663739 0.5920652173913044 0.6076537013801757
3 0.3630434782608696 0.5947302383939774 0.3760869565217391 0.5997490589711418 0.48043478260869565 0.6035131744040151 0.5456521739130434 0.6135508155583438 0.6032608695652174 0.6361355081555834 0.6119565217391304 0.644918444165621 0.6152173913043478 0.6587202007528231 0.6032608695652174 0.6787954830614805 0.5652173913043478 0.7051442910915935 0.44021739130434784 0.7553324968632371 0.23152173913043478 0.8117942283563363 0.002173913043478261 0.8582183186951067 0 0.9159347553324969 0.9989130434782608 0.9159347553324969 0.9989130434782608 0.9071518193224593 0.925 0.8506900878293601 0.8717391304347826 0.7992471769134254 0.8521739130434782 0.7754077791718946 0.8456521739130435 0.7515683814303639 0.8391304347826087 0.7465495608531995 0.8402173913043478 0.7314930991217063 0.85 0.7114178168130489 0.8782608695652174 0.6963613550815558 0.9434782608695652 0.6800501882057717 0.9989130434782608 0.6775407779171895 0.9989130434782608 0.6248431618569636 0.8108695652173913 0.6185696361355082 0.7532608695652174 0.6110414052697616 0.5228260869565218 0.6022584692597239 0.46630434782608693 0.5959849435382685 0.3858695652173913 0.5934755332496863 0.3706521739130435 0.5984943538268507
3 0.37277934782608696 0.5948393977415307 0.35675434782608695 0.6036010037641154 0.2766326086956522 0.5997076537013801 0.10879782608695651 0.6036010037641154 0 0.6113902132998745 0 0.6016549560853199 0.17289565217391303 0.5967867001254705