0 0.003125 0.6083333333333333 0 0.6101851851851852 0 0.6305555555555555 0.030729166666666665 0.6157407407407407 0.0296875 0.6027777777777777 0.027604166666666666 0.6
0 0.06614583333333333 0.5805555555555556 0.0671875 0.5953703703703703 0.07083333333333333 0.5981481481481481 0.1078125 0.5814814814814815 0.10989583333333333 0.5787037037037037 0.10989583333333333 0.5703703703703704 0.10833333333333334 0.5638888888888889 0.10416666666666667 0.562962962962963
0 0.14479166666666668 0.5435185185185185 0.14322916666666666 0.5527777777777778 0.14739583333333334 0.562037037037037 0.18333333333333332 0.5462962962962963 0.18645833333333334 0.537962962962963 0.184375 0.5287037037037037 0.18125 0.5268518518518519
0 0.21979166666666666 0.5092592592592593 0.21822916666666667 0.5120370370370371 0.21927083333333333 0.5231481481481481 0.22395833333333334 0.5268518518518519 0.25625 0.5120370370370371 0.25885416666666666 0.5046296296296297 0.25625 0.49444444444444446 0.25104166666666666 0.49444444444444446
0 0.29010416666666666 0.4777777777777778 0.29010416666666666 0.49074074074074076 0.29375 0.4935185185185185 0.32760416666666664 0.4777777777777778 0.32864583333333336 0.4666666666666667 0.32447916666666665 0.46111111111111114
0 0.35885416666666664 0.4462962962962963 0.359375 0.4583333333333333 0.3640625 0.46111111111111114 0.39375 0.44722222222222224 0.3958333333333333 0.44166666666666665 0.39375 0.43148148148148147 0.38958333333333334 0.4305555555555556
0 0.425 0.4148148148148148 0.425 0.4287037037037037 0.43020833333333336 0.4305555555555556 0.45677083333333335 0.4185185185185185 0.45989583333333334 0.4148148148148148 0.45989583333333334 0.4083333333333333 0.45625 0.4
0 0.4875 0.387037037037037 0.4875 0.3972222222222222 0.4921875 0.40185185185185185 0.51875 0.3888888888888889 0.5213541666666667 0.38055555555555554 0.5192708333333333 0.37222222222222223 0.5145833333333333 0.37222222222222223
0 0.5479166666666667 0.35833333333333334 0.5484375 0.3712962962962963 0.5536458333333333 0.3731481481481482 0.578125 0.3611111111111111 0.5807291666666666 0.3574074074074074 0.5807291666666666 0.3490740740740741 0.5786458333333333 0.34444444444444444 0.575 0.34444444444444444
0 0.6072916666666667 0.33055555555555555 0.6067708333333334 0.3416666666666667 0.6114583333333333 0.3453703703703704 0.6364583333333333 0.3333333333333333 0.6385416666666667 0.325 0.6369791666666667 0.3175925925925926 0.6322916666666667 0.3175925925925926
0 0.6651041666666667 0.30277777777777776 0.6635416666666667 0.3148148148148148 0.6645833333333333 0.31851851851851853 0.6692708333333334 0.31851851851851853 0.6927083333333334 0.3074074074074074 0.6942708333333333 0.2953703703703704 0.6927083333333334 0.29074074074074074 0.6890625 0.29074074074074074
0 0.7203125 0.27685185185185185 0.71875 0.2796296296296296 0.7197916666666667 0.2916666666666667 0.7244791666666667 0.29259259259259257 0.7479166666666667 0.28055555555555556 0.7484375 0.26944444444444443 0.7442708333333333 0.26481481481481484
0 0.7739583333333333 0.2518518518518518 0.7729166666666667 0.26296296296296295 0.7765625 0.2675925925925926 0.8 0.25555555555555554 0.8005208333333333 0.24444444444444444 0.7963541666666667 0.24074074074074073
0 0.8265625 0.22685185185185186 0.8244791666666667 0.23055555555555557 0.8244791666666667 0.23981481481481481 0.8276041666666667 0.24351851851851852 0.8520833333333333 0.23055555555555557 0.8494791666666667 0.21666666666666667
0 0.875 0.2064814814814815 0.8760416666666667 0.21944444444444444 0.8802083333333334 0.21944444444444444 0.9005208333333333 0.20925925925925926 0.9015625 0.1962962962962963 0.896875 0.1935185185185185
0 0.925 0.1814814814814815 0.925 0.19537037037037036 0.9296875 0.1962962962962963 0.946875 0.18796296296296297 0.95 0.18425925925925926 0.9505208333333334 0.17777777777777778 0.9494791666666667 0.1712962962962963 0.9453125 0.17037037037037037
0 0.9729166666666667 0.15925925925925927 0.9739583333333334 0.17407407407407408 0.9947916666666666 0.16574074074074074 0.9973958333333334 0.15648148148148147 0.9963541666666667 0.15 0.9927083333333333 0.14814814814814814
3 0.9968697916666667 0 0 0 0 0.9990740740740741 0.1609375 0.9990740740740741 0.16354166666666667 0.9962962962962963 0.171875 0.9953703703703703 0.3729166666666667 0.8777777777777778 0.44583333333333336 0.8314814814814815 0.7432291666666667 0.6555555555555556 0.9880208333333333 0.5138888888888888 0.9994791666666667 0.5101851851851852 0.9994791666666667 0