2 0.5424109375 0.9973546296296296 0.5900296875 0.41931203703703707 0.5833333333333334 0.41534351851851853 0.5290177083333334 0.9990740740740741
2 0.5684526041666668 0.7156083333333333 0.585565625 0.640212037037037 0.6063989583333333 0.5978833333333334 0.6242557291666666 0.5634916666666667 0.6510416666666666 0.5357138888888889 0.6755953125 0.5105824074074073 0.7053572916666667 0.4894175925925926 0.734375 0.46957685185185183 0.703125 0.46163981481481486 0.6696427083333333 0.4497351851851852 0.632440625 0.43783055555555556 0.601190625 0.42592592592592593 0.5885416666666666 0.41534351851851853 0.5885416666666666 0.4312166666666667 0.6190473958333332 0.43783055555555556 0.6510416666666666 0.4510583333333333 0.6875 0.46296296296296297 0.7180057291666666 0.4708990740740741 0.6919640625 0.49074074074074076 0.6584822916666667 0.5185185185185185 0.6354166666666666 0.5396824074074074 0.6056546875 0.580687962962963 0.5833333333333334 0.6243388888888889 0.5677083333333334 0.6706351851851852
0 0.55625 0.4027777777777778 0.5546875 0.40370370370370373 0.55625 0.4074074074074074 0.5630208333333333 0.4111111111111111 0.5723958333333333 0.4111111111111111 0.5630208333333333 0.40370370370370373
0 0.5291666666666667 0.38425925925925924 0.5291666666666667 0.3888888888888889 0.5354166666666667 0.39351851851851855 0.54375 0.39351851851851855 0.5364583333333334 0.3861111111111111
0 0.5088541666666667 0.36574074074074076 0.5072916666666667 0.36944444444444446 0.5151041666666667 0.3768518518518518 0.5208333333333334 0.37592592592592594 0.515625 0.3685185185185185
0 0.4921875 0.35 0.4973958333333333 0.35833333333333334 0.5026041666666666 0.3574074074074074 0.4984375 0.35
0 0.48072916666666665 0.33055555555555555 0.48333333333333334 0.3398148148148148 0.4890625 0.34074074074074073 0.4869791666666667 0.3333333333333333
0 0.47604166666666664 0.3138888888888889 0.475 0.3212962962962963 0.48072916666666665 0.32407407407407407 0.48072916666666665 0.31574074074074077
0 0.4734375 0.3 0.4734375 0.3055555555555556 0.478125 0.30648148148148147 0.47760416666666666 0.29814814814814816
0 0.7416666666666667 0.47314814814814815 0.7411458333333333 0.47685185185185186 0.7484375 0.47962962962962963 0.76875 0.48055555555555557 0.7671875 0.47685185185185186
0 0.7963541666666667 0.48333333333333334 0.7958333333333333 0.487962962962963 0.803125 0.49074074074074076 0.8192708333333333 0.4935185185185185 0.825 0.49074074074074076 0.8208333333333333 0.4861111111111111
0 0.8536458333333333 0.4925925925925926 0.8526041666666667 0.49444444444444446 0.8546875 0.4962962962962963 0.8677083333333333 0.49907407407407406 0.8828125 0.49722222222222223 0.8802083333333334 0.4935185185185185
0 0.9125 0.4962962962962963 0.9119791666666667 0.5 0.9145833333333333 0.5027777777777778 0.9427083333333334 0.5027777777777778 0.9411458333333333 0.49722222222222223
0 0.9729166666666667 0.49907407407407406 0.9729166666666667 0.5046296296296297 0.9994791666666667 0.5046296296296297 0.9994791666666667 0.49907407407407406
0 0.9802083333333333 0.1712962962962963 0.9791666666666666 0.175 0.9869791666666666 0.17777777777777778 0.9953125 0.175
0 0.9484375 0.1685185185185185 0.9479166666666666 0.1712962962962963 0.9505208333333334 0.17222222222222222 0.9645833333333333 0.1712962962962963
0 0.9182291666666667 0.16574074074074074 0.9177083333333333 0.1685185185185185 0.9244791666666666 0.16666666666666666 0.9255208333333333 0.17037037037037037 0.9333333333333333 0.1675925925925926
0 0.8854166666666666 0.1638888888888889 0.8869791666666667 0.1675925925925926 0.9010416666666666 0.1675925925925926 0.9020833333333333 0.1648148148148148
3 0.928275 0.1607712962962963 0.9202953125000001 0.1607712962962963 0.8994604166666667 0.1607712962962963 0.8729166666666667 0.16574074074074074 0.7541666666666667 0.16666666666666666 0.6979166666666666 0.1712962962962963 0.6401041666666667 0.18055555555555555 0.5744791666666667 0.2 0.546875 0.21296296296296297 0.5208333333333334 0.22870370370370371 0.496875 0.25092592592592594 0.4859375 0.2675925925925926 0.47760416666666666 0.29074074074074074 0.4739583333333333 0.2935185185185185 0.475 0.2962962962962963 0.46927083333333336 0.32037037037037036 0.4734375 0.32407407407407407 0.47291666666666665 0.3277777777777778 0.4640625 0.33425925925925926 0.4609375 0.34444444444444444 0.4578125 0.34814814814814815 0.39739583333333334 0.524074074074074 0.3776041666666667 0.575 0.3723958333333333 0.5944444444444444 0.33489583333333334 0.6962962962962963 0.32864583333333336 0.7194444444444444 0.32083333333333336 0.737037037037037 0.30416666666666664 0.7888888888888889 0.28020833333333334 0.85 0.2708333333333333 0.8824074074074074 0.265625 0.8916666666666667 0.26197916666666665 0.9074074074074074 0.23697916666666666 0.9731481481481481 0.23072916666666668 0.9935185185185185 0.23125 0.9990740740740741 0.8526041666666667 0.9990740740740741 0.8296875 0.8657407407407407 0.8270833333333333 0.8583333333333333 0.8067708333333333 0.7462962962962963 0.8057291666666667 0.6935185185185185 0.809375 0.6620370370370371 0.8203125 0.6277777777777778 0.8359375 0.5981481481481481 0.846875 0.5833333333333334 0.8765625 0.5546296296296296 0.8958333333333334 0.5407407407407407 0.934375 0.5203703703703704 0.9703125 0.5074074074074074 0.9729166666666667 0.5111111111111111 0.9994791666666667 0.5120370370370371 0.9994791666666667 0.40370370370370373 0.940625 0.40925925925925927 0.8484375 0.40555555555555556 0.7984375 0.39814814814814814 0.725 0.38055555555555554 0.6864583333333333 0.36666666666666664 0.6484375 0.34814814814814815 0.6177083333333333 0.325 0.6046875 0.30925925925925923 0.5984375 0.2972222222222222 0.5958333333333333 0.2861111111111111 0.5958333333333333 0.2722222222222222 0.5973958333333333 0.2638888888888889 0.6140625 0.23981481481481481 0.6375 0.22592592592592592 0.640625 0.2212962962962963 0.6505208333333333 0.21944444444444444 0.6682291666666667 0.20925925925925926 0.7015625 0.20185185185185187 0.7067708333333333 0.20185185185185187 0.709375 0.2064814814814815 0.7171875 0.2064814814814815 0.7203125 0.20555555555555555 0.7223958333333333 0.19907407407407407 0.7328125 0.19814814814814816 0.7375 0.19444444444444445 0.8765625 0.19166666666666668 0.9994791666666667 0.2101851851851852 0.9994791666666667 0.19444444444444445 0.9864583333333333 0.19074074074074074 0.9828125 0.18518518518518517 0.984375 0.1814814814814815 0.9734375 0.1824074074074074 0.9697916666666667 0.1787037037037037 0.9713541666666666 0.175 0.9671875 0.17037037037037037 0.965625 0.1712962962962963 0.9645833333333333 0.17777777777777778 0.9619791666666667 0.17962962962962964 0.9598958333333333 0.17685185185185184 0.9557291666666666 0.1787037037037037 0.953125 0.1712962962962963 0.9458333333333333 0.17407407407407408 0.9442708333333333 0.1712962962962963 0.9442708333333333 0.1648148148148148 0.9380208333333333 0.1648148148148148 0.9328125 0.16944444444444445 0.9286458333333333 0.16574074074074074 0.9411307291666666 0.1607712962962963
3 0.9260583333333333 0.1599824074074074 0.9278317708333332 0.2009638888888889 0.9994791666666667 0.21357314814814815 0.999203125 0.15840648148148148