2 0.38369565217391305 0.6411543287327478 0.3793478260869565 0.64366373902133 0.6641304347826087 0.9096612296110415 0.6771739130434783 0.918444165621079 0.7184782608695652 0.917189460476788 0.40652173913043477 0.6524466750313677 0.3869565217391304 0.6411543287327478
0 0.19021739130434784 0.6461731493099122 0.17391304347826086 0.6499372647427855 0.21195652173913043 0.6486825595984943 0.19456521739130433 0.6461731493099122
0 0.23043478260869565 0.644918444165621 0.225 0.6474278544542033 0.2728260869565217 0.6461731493099122 0.23152173913043478 0.6461731493099122
0 0.3282608695652174 0.6424090338770388 0.28804347826086957 0.6461731493099122 0.32717391304347826 0.6461731493099122 0.33369565217391306 0.6424090338770388
0 0.3652173913043478 0.6398996235884568 0.34456521739130436 0.64366373902133 0.37717391304347825 0.6424090338770388 0.36630434782608695 0.6398996235884568
0 0.4326086956521739 0.6361355081555834 0.40543478260869564 0.6373902132998746 0.3967391304347826 0.6424090338770388 0.43478260869565216 0.6398996235884568 0.4380434782608696 0.6361355081555834
0 0.4777173913043478 0.6323713927227101 0.4489130434782609 0.6361355081555834 0.483695652173913 0.6323713927227101
0 0.5152173913043478 0.6286072772898369 0.4923913043478261 0.6323713927227101 0.5065217391304347 0.6336260978670013 0.5206521739130435 0.6286072772898369
0 0.5554347826086956 0.6235884567126725 0.5304347826086957 0.6273525721455459 0.5434782608695652 0.6286072772898369 0.5597826086956522 0.6235884567126725
0 0.5836956521739131 0.6185696361355082 0.5467391304347826 0.6260978670012547 0.5782608695652174 0.6235884567126725 0.5847826086956521 0.6185696361355082
3 0.075 0.903387703889586 0.07173913043478261 0.9121706398996235 0.08043478260869565 0.917189460476788 0.6076086956521739 0.918444165621079 0.6673913043478261 0.9134253450439147 0.6760869565217391 0.917189460476788 0.7358695652173913 0.918444165621079 0.9989130434782608 0.917189460476788 0.9989130434782608 0.8005018820577164 0.6728260869565217 0.6787954830614805 0.6076086956521739 0.6511919698870765 0.5815217391304348 0.6348808030112923 0.5858695652173913 0.6198243412797992 0.6347826086956522 0.6097867001254705 0.6402173913043478 0.6047678795483061 0.6369565217391304 0.5972396486825596 0.6 0.5872020075282308 0.5467391304347826 0.5846925972396487 0.5423913043478261 0.588456712672522 0.532608695652174 0.5834378920953576 0.5557184782608696 0.5972208281053952 0.5445652173913044 0.6060225846925973 0.47391304347826085 0.617314930991217 0.46195652173913043 0.6235884567126725 0.4489130434782609 0.6198243412797992 0.42391304347826086 0.6248431618569636 0.3065217391304348 0.6286072772898369 0.29347826086956524 0.6298619824341279 0.28804347826086957 0.6348808030112923 0.2717391304347826 0.6286072772898369 0.22282608695652173 0.6398996235884568 0.21956521739130436 0.6537013801756587 0.17717391304347826 0.7314930991217063 0.16847826086956522 0.740276035131744 0.16521739130434782 0.7540777917189461 0.15434782608695652 0.7653701380175659 0.14891304347826087 0.7816813048933501 0.13043478260869565 0.8067754077791719 0.12391304347826088 0.8243412797992472
3 0.6112391304347826 0.5864830614805521 0.6089565217391304 0.6165181932245922 0.6966021739130435 0.6080865746549561 0.7669010869565217 0.6086135508155583 0.9243902173913043 0.6133563362609787 0.9978847826086956 0.6202070263488081 0.9983413043478261 0.60334504391468 0.7080141304347827 0.5896436637390213
3 0.00045652173913043474 0.6491882057716437 0.21546304347826087 0.6555119196988708 0.2725239130434783 0.6275834378920954 0.02008586956521739 0.6223136762860727 0 0.6165181932245922
3 0 0.6075595984943538 0.058430434782608696 0.5975483061480552 0.1844217391304348 0.5864830614805521 0.3199989130434783 0.5833212045169385 0.43320760869565217 0.5827942283563363 0.5413956521739131 0.5896436637390213 0.5441347826086956 0.584375156838143 0.5030510869565218 0.582267252195734 0.37705978260869566 0.5780514429109159 0.00045652173913043474 0.5906976160602259