0 0.03697916666666667 0.6129629629629629 0.035416666666666666 0.6157407407407407 0.036458333333333336 0.6240740740740741 0.0390625 0.6296296296296297 0.043229166666666666 0.6296296296296297 0.07760416666666667 0.6027777777777777 0.07864583333333333 0.5962962962962963 0.075 0.5861111111111111 0.07239583333333334 0.5861111111111111
0 0.1109375 0.5546296296296296 0.1125 0.5675925925925925 0.11666666666666667 0.5703703703703704 0.1484375 0.5462962962962963 0.15208333333333332 0.5388888888888889 0.14895833333333333 0.5287037037037037 0.14322916666666666 0.5287037037037037
0 0.18229166666666666 0.49722222222222223 0.184375 0.5111111111111111 0.1890625 0.512962962962963 0.2203125 0.4888888888888889 0.221875 0.48333333333333334 0.21875 0.47314814814814815 0.21510416666666668 0.4722222222222222
0 0.25104166666666666 0.44351851851851853 0.2515625 0.4537037037037037 0.2552083333333333 0.45925925925925926 0.2869791666666667 0.4351851851851852 0.28854166666666664 0.4287037037037037 0.2864583333333333 0.4203703703703704 0.28229166666666666 0.4185185185185185
0 0.5354166666666667 0.6638888888888889 0.5328125 0.6712962962962963 0.5369791666666667 0.6712962962962963 0.5671875 0.6425925925925926 0.571875 0.6361111111111111 0.571875 0.6296296296296297 0.56875 0.625 0.5651041666666666 0.6259259259259259
0 0.6005208333333333 0.575 0.6 0.5796296296296296 0.603125 0.5879629629629629 0.6083333333333333 0.5879629629629629 0.6359375 0.5425925925925926 0.6354166666666666 0.5361111111111111 0.6291666666666667 0.5305555555555556
0 0.659375 0.47685185185185186 0.6583333333333333 0.48055555555555557 0.6604166666666667 0.48703703703703705 0.665625 0.4898148148148148 0.6901041666666666 0.4425925925925926 0.6911458333333333 0.4388888888888889 0.6890625 0.4324074074074074 0.6859375 0.4287037037037037 0.6817708333333333 0.43148148148148147
0 0.7104166666666667 0.36944444444444446 0.7098958333333333 0.3787037037037037 0.7135416666666666 0.38425925925925924 0.7166666666666667 0.38333333333333336 0.7354166666666667 0.33796296296296297 0.7369791666666666 0.3277777777777778 0.7338541666666667 0.32222222222222224 0.7296875 0.32222222222222224
0 0.7546875 0.2518518518518518 0.7520833333333333 0.2657407407407407 0.7583333333333333 0.2722222222222222 0.7755208333333333 0.22037037037037038 0.7739583333333333 0.2111111111111111 0.7677083333333333 0.2111111111111111
0 0.7942708333333334 0.11481481481481481 0.7864583333333334 0.14722222222222223 0.7895833333333333 0.15555555555555556 0.79375 0.15462962962962962 0.8036458333333333 0.11666666666666667 0.8067708333333333 0.09907407407407408 0.8036458333333333 0.09166666666666666 0.8 0.09166666666666666
0 0.8140625 0.023148148148148147 0.8140625 0.03148148148148148 0.8177083333333334 0.03611111111111111 0.8208333333333333 0.03518518518518519 0.8270833333333333 0 0.8177083333333334 0
2 0.3177083333333333 0.3907407407407407 0.31614583333333335 0.39537037037037037 0.32083333333333336 0.4074074074074074 0.38697916666666665 0.3537037037037037 0.4359375 0.3037037037037037 0.484375 0.24166666666666667 0.5114583333333333 0.2 0.5473958333333333 0.13518518518518519 0.5854166666666667 0.05 0.6026041666666667 0 0.5911458333333334 0 0.56875 0.06018518518518518 0.5369791666666667 0.1287037037037037 0.5130208333333334 0.17314814814814813 0.45729166666666665 0.25555555555555554 0.3890625 0.3314814814814815
3 0.22291666666666668 0.006481481481481481 0.2171875 0.012962962962962963 0.04583333333333333 0.12407407407407407 0 0.15092592592592594 0 0.43148148148148147 0.0125 0.43333333333333335 0.021875 0.4388888888888889 0.0390625 0.45740740740740743 0.050520833333333334 0.48148148148148145 0.05677083333333333 0.5074074074074074 0.05625 0.5370370370370371 0.053125 0.5537037037037037 0.03697916666666667 0.5981481481481481 0.03229166666666667 0.6027777777777777 0.030729166666666665 0.6129629629629629 0.028645833333333332 0.6148148148148148 0.026041666666666668 0.612037037037037 0.009895833333333333 0.6370370370370371 0 0.6435185185185185 0 0.9990740740740741 0.19114583333333332 0.9990740740740741 0.5041666666666667 0.6990740740740741 0.5276041666666667 0.6796296296296296 0.5348958333333333 0.6675925925925926 0.5671875 0.6444444444444445 0.5734375 0.6324074074074074 0.6125 0.5935185185185186 0.7078125 0.5074074074074074 0.9994791666666667 0.22962962962962963 0.9994791666666667 0 0.234375 0