2 0.5453869791666667 0.9960314814814815 0.5602677083333333 0.9973546296296296 0.6659223958333332 0.3611111111111111 0.6592260416666667 0.3558203703703704
2 0.6272322916666667 0.5992064814814815 0.6733630208333333 0.5052907407407408 0.7053572916666667 0.47354537037037037 0.7455359375 0.44179907407407404 0.796875 0.4100527777777778 0.7671130208333333 0.3941796296296296 0.7135416666666666 0.38227500000000003 0.6815473958333332 0.36243425925925926 0.6651786458333333 0.3558203703703704 0.6622026041666668 0.3743388888888889 0.7247026041666668 0.3941796296296296 0.7767859375 0.41269814814814815 0.726934375 0.44047592592592594 0.6778276041666668 0.47883611111111113 0.6495536458333333 0.5304231481481482 0.6376489583333333 0.5449731481481481
0 0.6322916666666667 0.3472222222222222 0.6333333333333333 0.35185185185185186 0.6401041666666667 0.35555555555555557 0.6473958333333333 0.35555555555555557 0.65 0.35185185185185186 0.640625 0.3453703703703704
0 0.6083333333333333 0.33055555555555555 0.6083333333333333 0.3351851851851852 0.6125 0.3388888888888889 0.6234375 0.3388888888888889 0.6223958333333334 0.33425925925925926 0.6166666666666667 0.3296296296296296
0 0.5916666666666667 0.3138888888888889 0.5911458333333334 0.31851851851851853 0.5953125 0.32407407407407407 0.6036458333333333 0.3212962962962963 0.5979166666666667 0.3138888888888889
0 0.5776041666666667 0.29814814814814816 0.5760416666666667 0.30277777777777776 0.5802083333333333 0.30833333333333335 0.5885416666666666 0.3074074074074074 0.5848958333333333 0.29907407407407405
0 0.5677083333333334 0.28425925925925927 0.5671875 0.28888888888888886 0.5723958333333333 0.2935185185185185 0.5776041666666667 0.2898148148148148 0.5744791666666667 0.2833333333333333
0 0.5640625 0.26851851851851855 0.5619791666666667 0.2722222222222222 0.5635416666666667 0.2777777777777778 0.5708333333333333 0.2759259259259259 0.5692708333333333 0.26851851851851855
0 0.5614583333333333 0.25925925925925924 0.5614583333333333 0.26296296296296295 0.565625 0.2638888888888889 0.56875 0.25833333333333336 0.5661458333333333 0.25462962962962965
0 0.8057291666666667 0.40925925925925927 0.8036458333333333 0.4111111111111111 0.8052083333333333 0.4148148148148148 0.8171875 0.4185185185185185 0.828125 0.41944444444444445 0.8317708333333333 0.41574074074074074
0 0.8557291666666667 0.4212962962962963 0.8552083333333333 0.425 0.8583333333333333 0.42685185185185187 0.884375 0.42777777777777776 0.8833333333333333 0.42407407407407405 0.8770833333333333 0.4222222222222222
0 0.9140625 0.4287037037037037 0.9098958333333333 0.4351851851851852 0.9192708333333334 0.4398148148148148 0.9338541666666667 0.4388888888888889 0.940625 0.4324074074074074
0 0.96875 0.43425925925925923 0.9661458333333334 0.4351851851851852 0.9661458333333334 0.4388888888888889 0.9994791666666667 0.44166666666666665 0.9994791666666667 0.43796296296296294 0.9973958333333334 0.43703703703703706
3 0.253125 0.9611111111111111 0.2390625 0.9944444444444445 0.23958333333333334 0.9990740740740741 0.8807291666666667 0.9990740740740741 0.8817708333333333 0.987037037037037 0.8453125 0.6592592592592592 0.8432291666666667 0.6240740740740741 0.8447916666666667 0.6018518518518519 0.8557291666666667 0.562037037037037 0.8713541666666667 0.5342592592592592 0.8885416666666667 0.512962962962963 0.9046875 0.4981481481481482 0.9453125 0.4722222222222222 0.9994791666666667 0.4527777777777778 0.9994791666666667 0.3611111111111111 0.9052083333333333 0.35555555555555557 0.85625 0.3472222222222222 0.7802083333333333 0.32685185185185184 0.7442708333333333 0.31296296296296294 0.7171875 0.29814814814814816 0.6984375 0.2833333333333333 0.6817708333333333 0.262037037037037 0.6786458333333333 0.23981481481481481 0.6864583333333333 0.2222222222222222 0.6994791666666667 0.2074074074074074 0.7307291666666667 0.18796296296296297 0.7505208333333333 0.18055555555555555 0.8286458333333333 0.1648148148148148 0.924609375 0.16296296296296298 0.9994791666666667 0.16666666666666666 0.9994791666666667 0.13796296296296295 0.8270833333333333 0.14074074074074075 0.7208333333333333 0.15462962962962962 0.6411458333333333 0.17962962962962964 0.6098958333333333 0.1962962962962963 0.5859375 0.21666666666666667 0.5770833333333333 0.22962962962962963 0.5661458333333333 0.2601851851851852 0.5609375 0.2657407407407407 0.540625 0.3101851851851852 0.39947916666666666 0.6351851851851852