0 0.8521739130434782 0.9121706398996235 0.85 0.9159347553324969 0.8532608695652174 0.9196988707653702 0.8847826086956522 0.918444165621079 0.8532608695652174 0.9121706398996235
0 0.8793478260869565 0.946047678795483 0.8880434782608696 0.9686323713927227 0.9021739130434783 0.9686323713927227 0.8989130434782608 0.9523212045169385 0.8934782608695652 0.9473023839397742 0.883695652173913 0.946047678795483
0 0.7913043478260869 0.8180677540777918 0.7913043478260869 0.8243412797992472 0.8347826086956521 0.8883312421580929 0.8760869565217392 0.8933500627352572 0.8228260869565217 0.823086574654956 0.7956521739130434 0.8180677540777918
0 0.7489130434782608 0.7628607277289837 0.7445652173913043 0.7641154328732748 0.7456521739130435 0.767879548306148 0.775 0.8030112923462986 0.7815217391304348 0.8067754077791719 0.8065217391304348 0.8067754077791719 0.7717391304347826 0.767879548306148 0.758695652173913 0.7628607277289837
0 0.7097826086956521 0.7252195734002509 0.7054347826086956 0.726474278544542 0.7054347826086956 0.7302383939774153 0.7315217391304348 0.7540777917189461 0.7532608695652174 0.7540777917189461 0.7239130434782609 0.7277289836888331 0.7119565217391305 0.7252195734002509
0 0.675 0.698870765370138 0.6706521739130434 0.7013801756587202 0.6717391304347826 0.7051442910915935 0.6858695652173913 0.7164366373902133 0.6989130434782609 0.7227101631116688 0.7108695652173913 0.7214554579673776 0.7086956521739131 0.7164366373902133 0.691304347826087 0.7051442910915935 0.6760869565217391 0.7001254705144291
0 0.6369565217391304 0.6800501882057717 0.6380434782608696 0.685069008782936 0.6554347826086957 0.6951066499372648 0.6717391304347826 0.6963613550815558 0.6554347826086957 0.6838143036386449 0.6380434782608696 0.6800501882057717
0 0.6065217391304348 0.6662484316185696 0.6043478260869565 0.6675031367628608 0.6076086956521739 0.671267252195734 0.6347826086956522 0.6787954830614805 0.6347826086956522 0.6750313676286073 0.616304347826087 0.6662484316185696
0 0.5076086956521739 0.6361355081555834 0.533695652173913 0.64366373902133 0.5315217391304348 0.6398996235884568 0.5163043478260869 0.6361355081555834
0 0.48478260869565215 0.6298619824341279 0.4891304347826087 0.6336260978670013 0.5130434782608696 0.6373902132998746 0.48695652173913045 0.6298619824341279
0 0.45888478260869564 0.626900878293601 0.4768152173913044 0.628060225846926 0.48355652173913044 0.6303789209535758 0.48355652173913044 0.6335244667503137 0.47279891304347826 0.6330276035131744 0.46361847826086955 0.6292195734002509 0.4583108695652174 0.6272321204516939
0 0.4334945652173913 0.622099121706399 0.4555847826086956 0.6250803011292346 0.45615869565217393 0.6275633626097867 0.4511380434782609 0.6285570890840653 0.4435358695652174 0.6262383939774153 0.4346423913043478 0.624417816813049 0.4334945652173913 0.6216022584692596
0 0.4035141304347826 0.6187879548306148 0.4184326086956522 0.6204429109159347 0.4280434782608696 0.620939774153074 0.4293347826086957 0.624417816813049 0.41312499999999996 0.6235897114178168 0.40652608695652176 0.6216022584692596
0 0.37726304347826084 0.6166348808030113 0.39734565217391304 0.6179598494353827 0.40121847826086954 0.6197816813048933 0.3926119565217391 0.6206085319949812 0.38658695652173913 0.6204429109159347 0.3771195652173913 0.6199460476787955
2 0.5391304347826087 0.6398996235884568 0.533695652173913 0.64366373902133 0.6043478260869565 0.6649937264742786 0.6 0.6587202007528231 0.5402173913043479 0.6411543287327478
2 0.5387684782608695 0.6398996235884568 0.5271739130434783 0.6398996235884568 0.6076086956521739 0.6700125470514429 0.6217391304347826 0.6624843161856964 0.6804347826086956 0.657465495608532 0.8282608695652174 0.6587202007528231 0.9989130434782608 0.6687578419071518 0.9989130434782608 0.6612296110414053 0.5445652173913044 0.6398996235884568
3 0.013043478260869565 0.6135508155583438 0 0.6148055207026348 0 0.6198243412797992 0.19021739130434784 0.6198243412797992 0.3141304347826087 0.6323713927227101 0.3673913043478261 0.644918444165621 0.3978260869565217 0.657465495608532 0.4141304347826087 0.6700125470514429 0.42717391304347824 0.6863237139272271 0.4315217391304348 0.7013801756587202 0.42934782608695654 0.7340025094102886 0.42391304347826086 0.7478042659974906 0.3706521739130435 0.8255959849435383 0.27717391304347827 0.9146800501882058 0.28695652173913044 0.917189460476788 0.8217391304347826 0.918444165621079 0.8456521739130435 0.917189460476788 0.8510869565217392 0.9121706398996235 0.8771739130434782 0.9146800501882058 0.8826086956521739 0.9121706398996235 0.8793478260869565 0.8933500627352572 0.8804347826086957 0.8444165621079046 0.8956521739130435 0.8017565872020075 0.9173913043478261 0.7766624843161857 0.9380434782608695 0.7628607277289837 0.9652173913043478 0.7503136762860728 0.9989130434782608 0.7427854454203262 0.9989130434782608 0.6398996235884568 0.8391304347826087 0.6373902132998746 0.6380434782608696 0.6248431618569636 0.5010869565217392 0.6235884567126725 0.4902173913043478 0.6198243412797992 0.45 0.6210790464240903 0.24891304347826088 0.6085319949811794