2 0.21822916666666667 0.9972222222222222 0.23697916666666666 0.9990740740740741 0.26979166666666665 0.9537037037037037 0.3177083333333333 0.8796296296296297 0.3484375 0.825925925925926 0.36614583333333334 0.7907407407407407 0.36614583333333334 0.7833333333333333 0.3625 0.7777777777777778 0.35572916666666665 0.7814814814814814 0.328125 0.8342592592592593 0.2869791666666667 0.9027777777777778 0.2604166666666667 0.9425925925925925
0 0.3848958333333333 0.7277777777777777 0.38385416666666666 0.7342592592592593 0.3854166666666667 0.7379629629629629 0.39010416666666664 0.7425925925925926 0.3921875 0.7407407407407407 0.4125 0.7018518518518518 0.41354166666666664 0.6953703703703704 0.4078125 0.687962962962963 0.4041666666666667 0.6907407407407408
0 0.43072916666666666 0.6416666666666667 0.43125 0.649074074074074 0.4348958333333333 0.6546296296296297 0.4375 0.6537037037037037 0.4578125 0.6166666666666667 0.4588541666666667 0.6092592592592593 0.45260416666666664 0.6018518518518519
0 0.47552083333333334 0.5574074074074075 0.47760416666666666 0.5675925925925925 0.48333333333333334 0.5675925925925925 0.5020833333333333 0.5324074074074074 0.5020833333333333 0.525 0.4984375 0.5194444444444445 0.4947916666666667 0.5212962962962963
0 0.521875 0.46944444444444444 0.51875 0.48148148148148145 0.521875 0.48703703703703705 0.5260416666666666 0.48703703703703705 0.54375 0.4537037037037037 0.5453125 0.44907407407407407 0.5442708333333334 0.4425925925925926 0.5385416666666667 0.4388888888888889
0 0.5635416666666667 0.3907407407407407 0.5604166666666667 0.3990740740740741 0.5640625 0.4074074074074074 0.5677083333333334 0.4083333333333333 0.5864583333333333 0.37222222222222223 0.5859375 0.3648148148148148 0.5807291666666666 0.36018518518518516
0 0.6046875 0.3138888888888889 0.6020833333333333 0.325 0.6052083333333333 0.33055555555555555 0.609375 0.3296296296296296 0.6265625 0.2962962962962963 0.6265625 0.2898148148148148 0.6229166666666667 0.2833333333333333 0.6192708333333333 0.2861111111111111
0 0.6432291666666666 0.24074074074074073 0.6432291666666666 0.2518518518518518 0.6473958333333333 0.2564814814814815 0.6619791666666667 0.23055555555555557 0.6666666666666666 0.21666666666666667 0.6630208333333333 0.20925925925925926 0.6598958333333333 0.20925925925925926
0 0.6822916666666666 0.1675925925925926 0.6833333333333333 0.1787037037037037 0.6848958333333334 0.1814814814814815 0.6885416666666667 0.17962962962962964 0.7052083333333333 0.14722222222222223 0.703125 0.13796296296296295 0.6994791666666667 0.1361111111111111
0 0.7223958333333333 0.09166666666666666 0.7197916666666667 0.09722222222222222 0.7197916666666667 0.1037037037037037 0.725 0.10925925925925926 0.7411458333333333 0.08055555555555556 0.7416666666666667 0.07037037037037037 0.7364583333333333 0.06574074074074074
0 0.7583333333333333 0.023148148148148147 0.75625 0.03148148148148148 0.7583333333333333 0.03796296296296296 0.7619791666666667 0.040740740740740744 0.7786458333333334 0.008333333333333333 0.7776041666666667 0 0.7703125 0
3 0.9994791666666667 0 0 0 0 0.44537037037037036 0.005208333333333333 0.44537037037037036 0.016666666666666666 0.4351851851851852 0.05572916666666667 0.387037037037037 0.05572916666666667 0.38333333333333336 0.06041666666666667 0.37962962962962965 0.065625 0.3685185185185185 0.07447916666666667 0.3648148148148148 0.0828125 0.37407407407407406 0.0953125 0.39537037037037037 0.10052083333333334 0.3990740740740741 0.10729166666666666 0.4148148148148148 0.17135416666666667 0.5212962962962963 0.17083333333333334 0.5277777777777778 0.15104166666666666 0.5601851851851852 0.15104166666666666 0.5685185185185185 0.15572916666666667 0.5805555555555556 0.16041666666666668 0.6027777777777777 0.16197916666666667 0.6305555555555555 0.15989583333333332 0.6527777777777778 0.15625 0.6675925925925926 0.1421875 0.6916666666666667 0.11458333333333333 0.7203703703703703 0.09270833333333334 0.7333333333333333 0.06510416666666667 0.7425925925925926 0.049479166666666664 0.7444444444444445 0.04739583333333333 0.7472222222222222 0.004166666666666667 0.7546296296296297 0 0.7611111111111111 0 0.9990740740740741 0.5395833333333333 0.9972222222222222 0.5546875 0.9703703703703703 0.5958333333333333 0.8814814814814815 0.6901041666666666 0.6925925925925925 0.709375 0.6472222222222223 0.8166666666666667 0.42962962962962964 0.8333333333333334 0.3907407407407407 0.8552083333333333 0.35185185185185186 0.8630208333333333 0.3277777777777778 0.8734375 0.30833333333333335 0.8770833333333333 0.2935185185185185 0.88125 0.29074074074074074 0.8875 0.2796296296296296 0.8890625 0.2722222222222222 0.89375 0.26481481481481484 0.8942708333333333 0.25833333333333336 0.9005208333333333 0.25092592592592594 0.9052083333333333 0.24074074074074073 0.9046875 0.23796296296296296 0.9088541666666666 0.2351851851851852 0.9151041666666667 0.22314814814814815 0.9177083333333333 0.20925925925925926 0.9286458333333333 0.19444444444444445 0.9307291666666667 0.1824074074074074 0.9348958333333334 0.17777777777777778 0.9390625 0.16666666666666666 0.9432291666666667 0.1638888888888889 0.94375 0.1574074074074074 0.9515625 0.14074074074074075 0.95625 0.13703703703703704 0.959375 0.12314814814814815 0.9583333333333334 0.11851851851851852 0.9619791666666667 0.11203703703703703 0.9703125 0.10833333333333334 0.9703125 0.10185185185185185 0.9739583333333334 0.09537037037037037 0.9729166666666667 0.09166666666666666 0.9770833333333333 0.08981481481481482 0.984375 0.07777777777777778 0.9864583333333333 0.06296296296296296 0.990625 0.06111111111111111 0.9911458333333333 0.05648148148148148 0.9947916666666666 0.053703703703703705 0.9994791666666667 0.04351851851851852