2 0.9923913043478261 0.6787954830614805 0.9423913043478261 0.6813048933500627 0.85 0.6938519447929736 0.7706521739130435 0.7151819322459222 0.7206521739130435 0.7352572145545797 0.6608695652173913 0.767879548306148 0.6065217391304348 0.8055207026348808 0.5532608695652174 0.848180677540778 0.4815217391304348 0.918444165621079 0.5293478260869565 0.918444165621079 0.5891304347826087 0.8557089084065245 0.6434782608695652 0.8067754077791719 0.6869565217391305 0.7741530740276035 0.7532608695652174 0.7365119196988708 0.8032608695652174 0.7164366373902133 0.8467391304347827 0.7038895859473023 0.9239130434782609 0.6900878293601004 0.9967391304347826 0.685069008782936 0.9989130434782608 0.6787954830614805
0 0.2597826086956522 0.6888331242158093 0.2358695652173913 0.698870765370138 0.24891304347826088 0.7001254705144291 0.275 0.6925972396486826 0.26956521739130435 0.6888331242158093
0 0.31521739130434784 0.6775407779171895 0.28804347826086957 0.685069008782936 0.29456521739130437 0.6888331242158093 0.30869565217391304 0.6863237139272271 0.325 0.6813048933500627 0.32282608695652176 0.6775407779171895
0 0.3641304347826087 0.6700125470514429 0.3358695652173913 0.6750313676286073 0.3630434782608696 0.6762860727728983 0.3706521739130435 0.6750313676286073 0.3695652173913043 0.6700125470514429
0 0.40706521739130436 0.6637390213299874 0.3869565217391304 0.6649937264742786 0.3826086956521739 0.6687578419071518 0.3923913043478261 0.671267252195734 0.41304347826086957 0.6675031367628608 0.4141304347826087 0.6637390213299874
0 0.44927500000000004 0.657465495608532 0.42717391304347824 0.6612296110414053 0.45543478260869563 0.6612296110414053 0.45543478260869563 0.657465495608532
0 0.4891304347826087 0.6524466750313677 0.4673913043478261 0.657465495608532 0.4956521739130435 0.657465495608532 0.49782608695652175 0.6537013801756587 0.4934782608695652 0.6524466750313677
0 0.5293478260869565 0.6486825595984943 0.5076086956521739 0.6537013801756587 0.5347826086956522 0.6524466750313677 0.532608695652174 0.6486825595984943
0 0.5652173913043478 0.6461731493099122 0.5478260869565217 0.6499372647427855 0.5706521739130435 0.6499372647427855 0.5728260869565217 0.6461731493099122
0 0.6043478260869565 0.64366373902133 0.5836956521739131 0.6474278544542033 0.6108695652173913 0.6474278544542033 0.6076086956521739 0.64366373902133
0 0.6407608695652174 0.6424090338770388 0.6217391304347826 0.64366373902133 0.6402173913043478 0.6461731493099122 0.6467391304347826 0.6424090338770388
0 0.6706521739130434 0.6398996235884568 0.6597826086956522 0.64366373902133 0.6847826086956522 0.64366373902133 0.6717391304347826 0.6398996235884568
0 0.7168478260869565 0.6398996235884568 0.6989130434782609 0.6398996235884568 0.6989130434782609 0.64366373902133 0.717391304347826 0.64366373902133 0.7228260869565217 0.6398996235884568
0 0.7554347826086957 0.6398996235884568 0.7336956521739131 0.6411543287327478 0.7445652173913043 0.64366373902133 0.7608695652173914 0.6398996235884568
0 0.7902173913043479 0.6386449184441656 0.7728260869565218 0.6398996235884568 0.7869565217391304 0.6424090338770388 0.7978260869565217 0.6411543287327478 0.7967391304347826 0.6386449184441656
0 0.8282608695652174 0.6386449184441656 0.8097826086956522 0.6398996235884568 0.8380434782608696 0.6411543287327478 0.8336956521739131 0.6386449184441656
3 0.14456521739130435 0.7365119196988708 0 0.7967377666248432 0 0.917189460476788 0.46304347826086956 0.918444165621079 0.47934782608695653 0.917189460476788 0.4880434782608696 0.9109159347553325 0.5076086956521739 0.917189460476788 0.5347826086956522 0.9146800501882058 0.558695652173913 0.918444165621079 0.9989130434782608 0.917189460476788 0.9989130434782608 0.6486825595984943 0.9945652173913043 0.6474278544542033 0.8141304347826087 0.6424090338770388 0.7847826086956522 0.6348808030112923 0.7510869565217392 0.6373902132998746 0.7391304347826086 0.6311166875784191 0.7043478260869566 0.6286072772898369 0.6554347826086957 0.616060225846926 0.6467391304347826 0.6060225846925973 0.6597826086956522 0.5972396486825596 0.6391304347826087 0.5909661229611042 0.4891304347826087 0.5959849435382685 0.2793478260869565 0.685069008782936 0.27065217391304347 0.685069008782936 0.24782608695652175 0.7013801756587202 0.22934782608695653 0.7026348808030113
3 0.6314945652173913 0.5884604767879548 0.6603195652173913 0.600784190715182 0.7638782608695652 0.5933902132998745 0.99395 0.6014002509410288 0.9976858695652173 0.5890765370138018 0.6523130434782609 0.5829146800501882