2 0.5126815217391304 0.7214554579673776 0.5010869565217392 0.7214554579673776 0.4989130434782609 0.7252195734002509 0.5141304347826087 0.7452948557089084 0.5836956521739131 0.9159347553324969 0.6271739130434782 0.918444165621079 0.5402173913043479 0.7490589711417817 0.5184782608695652 0.7214554579673776
2 0.887504347826087 0.6104868255959849 0.8644336956521739 0.609478042659975 0.8411891304347826 0.610284818067754 0.8805130434782609 0.6215834378920954 0.8956521739130435 0.6198243412797992 0.9989130434782608 0.6223337515683814 0.9989130434782608 0.617314930991217 0.8981652173913044 0.6118983688833124
0 0.19516956521739132 0.7164366373902133 0.14782608695652175 0.7164366373902133 0.14456521739130435 0.7202007528230866 0.16956521739130434 0.7252195734002509 0.21304347826086956 0.7252195734002509 0.22282608695652173 0.7202007528230866 0.20108695652173914 0.7164366373902133
0 0.31521739130434784 0.7189460476787954 0.24456521739130435 0.7189460476787954 0.23695652173913043 0.726474278544542 0.3141304347826087 0.726474278544542 0.31956521739130433 0.7239648682559598 0.32065217391304346 0.7189460476787954
0 0.39891304347826084 0.7176913425345044 0.34347826086956523 0.7189460476787954 0.3391304347826087 0.7239648682559598 0.38369565217391305 0.726474278544542 0.41956521739130437 0.7239648682559598 0.4217391304347826 0.7202007528230866 0.40217391304347827 0.7176913425345044
0 0.5105076086956521 0.7139272271016311 0.44565217391304346 0.7164366373902133 0.4423913043478261 0.7176913425345044 0.4423913043478261 0.7227101631116688 0.5195652173913043 0.7202007528230866 0.5163043478260869 0.7139272271016311
0 0.6043478260869565 0.7089084065244667 0.5402173913043479 0.71267252195734 0.5391304347826087 0.7164366373902133 0.55 0.7189460476787954 0.6043478260869565 0.7151819322459222 0.6130434782608696 0.71267252195734 0.6097826086956522 0.7089084065244667
0 0.6844206521739131 0.7013801756587202 0.6271739130434782 0.7089084065244667 0.6413043478260869 0.71267252195734 0.6956521739130435 0.7051442910915935 0.6902173913043478 0.7013801756587202
0 0.75 0.6925972396486826 0.7032608695652174 0.698870765370138 0.7108695652173913 0.7038895859473023 0.7217391304347827 0.7038895859473023 0.7630434782608696 0.6963613550815558 0.7521739130434782 0.6925972396486826
0 0.808695652173913 0.685069008782936 0.7739130434782608 0.6888331242158093 0.7673913043478261 0.6925972396486826 0.783695652173913 0.6951066499372648 0.8195652173913044 0.6888331242158093 0.8152173913043478 0.685069008782936
0 0.8510869565217392 0.6750313676286073 0.8195652173913044 0.6825595984943539 0.8369565217391305 0.685069008782936 0.8597826086956522 0.6787954830614805 0.8521739130434782 0.6750313676286073
0 0.8717391304347826 0.6675031367628608 0.8586956521739131 0.6725219573400251 0.8706521739130435 0.6750313676286073 0.8793478260869565 0.6675031367628608
0 0.9 0.6562107904642409 0.8847826086956522 0.6649937264742786 0.9010869565217391 0.6612296110414053 0.9010869565217391 0.6562107904642409
0 0.9130434782608695 0.6474278544542033 0.9097826086956522 0.6499372647427855 0.907608695652174 0.6499372647427855 0.9065217391304348 0.6524466750313677 0.9032608695652173 0.6537013801756587 0.9032608695652173 0.657465495608532 0.9141304347826087 0.657465495608532 0.9152173913043479 0.6562107904642409 0.9173913043478261 0.6562107904642409 0.9195652173913044 0.6537013801756587 0.9206521739130434 0.6486825595984943 0.9217391304347826 0.6474278544542033 0.9195652173913044 0.6474278544542033 0.9184782608695652 0.6486825595984943 0.9163043478260869 0.6486825595984943 0.9152173913043479 0.6474278544542033
2 0.08233695652173913 0.6010037641154329 0.0013467391304347828 0.6048419071518194 0 0.6085319949811794 0 0.616060225846926 0.08152173913043478 0.6060225846925973 0.08804347826086957 0.6047678795483061 0.08804347826086957 0.6010037641154329
0 0.9088413043478261 0.648723964868256 0.9251445652173913 0.6505683814303639 0.926104347826087 0.6450338770388958 0.9117184782608695 0.6417126725219573
0 0.9106956521739131 0.6365721455457968 0.9229369565217391 0.6360489335006273 0.9244478260869565 0.6398870765370138 0.9091847826086957 0.6398870765370138 0.9105445652173914 0.6348268506900878
0 0.9060108695652174 0.6330828105395232 0.9215771739130435 0.6323851944792974 0.9209728260869565 0.6360489335006273 0.9063130434782609 0.6381417816813049
0 0.9029880434782609 0.6292446675031368 0.9188565217391303 0.6290702634880804 0.916438043478261 0.6313387703889586 0.9028369565217391 0.6337804265997491 0.9038945652173913 0.6285470514429109
0 0.8954315217391304 0.625582183186951 0.907370652173913 0.6261053952321204 0.909033695652174 0.6285470514429109 0.8976989130434783 0.6302923462986199
0 0.8896891304347826 0.6224416562107905 0.9008728260869565 0.621918444165621 0.9002673913043479 0.6254065244667504 0.890595652173913 0.6264542032622333
0 0.8222858695652174 0.6069146800501882 0.8390608695652174 0.6065658720200753 0.8380032608695652 0.6088343789209536 0.8237967391304348 0.609357590966123
0 0.814729347826087 0.6048218318695107 0.8290869565217391 0.6046474278544542 0.8299934782608697 0.6062170639899623 0.8150315217391304 0.6067402760351317
0 0.8021858695652173 0.603426599749059 0.8171478260869565 0.603077791718946 0.8169967391304347 0.6051706398996236 0.8015815217391304 0.6049962358845672
0 0.7931184782608696 0.60168130489335 0.8064173913043479 0.6011580928481807 0.8071728260869566 0.6041242158092849 0.7932695652173913 0.6032521957340025
0 0.7749826086956522 0.5995884567126726 0.7907 0.5988908406524467 0.7903978260869566 0.6013324968632371
3 0.003260869565217391 0.6122961104140527 0 0.6135508155583438 0 0.6913425345043914 0.011956521739130435 0.6925972396486826 0.015217391304347827 0.7026348808030113 0.17282608695652174 0.7189460476787954 0.18043478260869567 0.7214554579673776 0.1815217391304348 0.7277289836888331 0.1891304347826087 0.7302383939774153 0.2 0.7452948557089084 0.19021739130434784 0.7641154328732748 0.05652173913043478 0.8820577164366374 0.02826086956521739 0.9084065244667503 0.02717391304347826 0.9159347553324969 0.9989130434782608 0.9159347553324969 0.9989130434782608 0.7766624843161857 0.8891304347826087 0.7164366373902133 0.8695652173913043 0.6925972396486826 0.866304347826087 0.6787954830614805 0.8717391304347826 0.6675031367628608 0.8902173913043478 0.6587202007528231 0.9010869565217391 0.657465495608532 0.907608695652174 0.6637390213299874 0.9206521739130434 0.6537013801756587 0.9989130434782608 0.6499372647427855 0.9989130434782608 0.6110414052697616 0.9217391304347826 0.6085319949811794 0.9108695652173913 0.6122961104140527 0.8869565217391304 0.6060225846925973 0.841304347826087 0.6097867001254705 0.8347826086956521 0.6035131744040151 0.8097826086956522 0.6010037641154329 0.7391304347826086 0.5997490589711418 0.7358695652173913 0.6047678795483061 0.7608695652173914 0.6135508155583438 0.7652173913043478 0.6260978670012547 0.7478260869565218 0.6386449184441656 0.6858695652173913 0.6537013801756587 0.5641304347826087 0.6649937264742786 0.3978260869565217 0.671267252195734 0.3119565217391304 0.671267252195734 0.1934782608695652 0.6637390213299874 0.16956521739130434 0.6662484316185696 0.15760869565217392 0.6612296110414053 0.10652173913043478 0.657465495608532 0.07717391304347826 0.6499372647427855 0.06304347826086956 0.6411543287327478 0.06304347826086956 0.6235884567126725 0.08260869565217391 0.6072772898368883 0.02391304347826087 0.6110414052697616 0.008695652173913044 0.616060225846926
3 0 0.5980439146800502 0 0.637465495608532 0.06394347826086957 0.6349498117942284 0.07484347826086955 0.6181744040150564 0.15913260869565216 0.6039146800501882 0.23833478260869564 0.5988820577164367 0.332070652173913 0.5904943538268507 0.49919565217391304 0.5871392722710163 0.6699532608695652 0.5972045169385194 0.7368032608695653 0.6097867001254705 0.7455228260869565 0.5997214554579674 0.768775 0.5930112923462986 0.5318934782608695 0.583784190715182 0.3364304347826087 0.5846235884567127