0 0.03958333333333333 0.7453703703703703 0.03802083333333333 0.7481481481481481 0.03958333333333333 0.7592592592592593 0.044270833333333336 0.762962962962963 0.07916666666666666 0.7416666666666667 0.08229166666666667 0.7379629629629629 0.0828125 0.7314814814814815 0.08125 0.7240740740740741 0.07708333333333334 0.7212962962962963
0 0.11666666666666667 0.6990740740740741 0.11979166666666667 0.7157407407407408 0.15052083333333333 0.6981481481481482 0.1578125 0.6925925925925925 0.15885416666666666 0.687037037037037 0.15677083333333333 0.6768518518518518 0.153125 0.675
0 0.19166666666666668 0.6537037037037037 0.1921875 0.6675925925925926 0.19635416666666666 0.6694444444444444 0.22708333333333333 0.6509259259259259 0.23072916666666668 0.6472222222222223 0.23125 0.6416666666666667 0.2296875 0.6333333333333333 0.2265625 0.6314814814814815
0 0.2640625 0.6083333333333333 0.26197916666666665 0.6166666666666667 0.265625 0.6268518518518519 0.2953125 0.6092592592592593 0.30052083333333335 0.600925925925926 0.2989583333333333 0.5916666666666667 0.2947916666666667 0.5898148148148148
0 0.33125 0.5685185185185185 0.33125 0.5787037037037037 0.33489583333333334 0.5851851851851851 0.36614583333333334 0.5648148148148148 0.36614583333333334 0.55 0.3625 0.5481481481481482
0 0.396875 0.5287037037037037 0.39739583333333334 0.5425925925925926 0.4015625 0.5444444444444444 0.428125 0.5277777777777778 0.43072916666666666 0.525 0.43125 0.5185185185185185 0.4276041666666667 0.5092592592592593
0 0.459375 0.49074074074074076 0.45989583333333334 0.5037037037037037 0.4635416666666667 0.5064814814814815 0.49114583333333334 0.4888888888888889 0.49270833333333336 0.48148148148148145 0.49114583333333334 0.47314814814814815 0.4875 0.4722222222222222
0 0.5192708333333333 0.45555555555555555 0.5197916666666667 0.46574074074074073 0.5234375 0.46944444444444444 0.55 0.4527777777777778 0.5515625 0.44074074074074077 0.55 0.4361111111111111 0.5442708333333334 0.43796296296296294
0 0.5791666666666667 0.41759259259259257 0.5776041666666667 0.42592592592592593 0.58125 0.43425925925925923 0.6072916666666667 0.41759259259259257 0.6088541666666667 0.4083333333333333 0.6052083333333333 0.4009259259259259
0 0.6348958333333333 0.38333333333333336 0.6338541666666667 0.38981481481481484 0.6369791666666667 0.3990740740740741 0.6609375 0.3851851851851852 0.6635416666666667 0.3824074074074074 0.6640625 0.37592592592592594 0.6630208333333333 0.36944444444444446 0.6598958333333333 0.3675925925925926
0 0.85 0.637962962962963 0.8494791666666667 0.6416666666666667 0.8526041666666667 0.6416666666666667 0.8776041666666666 0.6231481481481481 0.8817708333333333 0.6185185185185185 0.8817708333333333 0.612037037037037 0.8802083333333334 0.6074074074074074 0.8765625 0.6083333333333333
0 0.9114583333333334 0.5666666666666667 0.9088541666666666 0.5712962962962963 0.9088541666666666 0.5777777777777777 0.9125 0.5851851851851851 0.9390625 0.549074074074074 0.9380208333333333 0.5388888888888889 0.9338541666666667 0.5370370370370371
0 0.9625 0.4935185185185185 0.9635416666666666 0.5064814814814815 0.9666666666666667 0.5083333333333333 0.9697916666666667 0.5046296296296297 0.9895833333333334 0.4703703703703704 0.9885416666666667 0.4583333333333333 0.9838541666666667 0.4583333333333333
2 0.6895833333333333 0.35 0.6890625 0.3611111111111111 0.6932291666666667 0.36574074074074076 0.7520833333333333 0.3277777777777778 0.7973958333333333 0.287962962962963 0.8395833333333333 0.23981481481481481 0.8802083333333334 0.1814814814814815 0.9119791666666667 0.12407407407407407 0.9463541666666667 0.046296296296296294 0.9619791666666667 0 0.9515625 0 0.9411458333333333 0.030555555555555555 0.9 0.12222222222222222 0.8630208333333333 0.18518518518518517 0.8328125 0.22777777777777777 0.7760416666666666 0.287962962962963 0.7427083333333333 0.3148148148148148
3 0.9994791666666667 0 0.625 0 0.5979166666666667 0.010185185185185186 0.5854166666666667 0.019444444444444445 0.5760416666666667 0.020370370370370372 0.5333333333333333 0.044444444444444446 0.42916666666666664 0.09166666666666666 0.4203125 0.09907407407407408 0.15833333333333333 0.2212962962962963 0.15208333333333332 0.21666666666666667 0.1484375 0.20185185185185187 0.14375 0.1712962962962963 0.1140625 0.03611111111111111 0.109375 0 0 0 0 0.9990740740740741 0.365625 0.9990740740740741 0.9994791666666667 0.5296296296296297