0 0.659375 0.65 0.6598958333333333 0.6638888888888889 0.6645833333333333 0.6638888888888889 0.6786458333333333 0.6527777777777778 0.6817708333333333 0.6444444444444445 0.6822916666666666 0.6175925925925926 0.6755208333333333 0.6175925925925926 0.6666666666666666 0.625
0 0.6588541666666666 0.7027777777777777 0.6578125 0.7268518518518519 0.6598958333333333 0.7416666666666667 0.6645833333333333 0.7416666666666667 0.6786458333333333 0.7277777777777777 0.678125 0.6916666666666667 0.6708333333333333 0.6916666666666667
0 0.6614583333333334 0.7861111111111111 0.6609375 0.8018518518518518 0.6645833333333333 0.8287037037037037 0.6713541666666667 0.8296296296296296 0.6838541666666667 0.8166666666666667 0.6822916666666666 0.7814814814814814 0.6796875 0.7731481481481481 0.6739583333333333 0.774074074074074
0 0.671875 0.8805555555555555 0.671875 0.8907407407407407 0.6791666666666667 0.9287037037037037 0.6859375 0.9287037037037037 0.696875 0.9166666666666666 0.6979166666666666 0.9111111111111111 0.6895833333333333 0.8666666666666667 0.6833333333333333 0.8685185185185185
0 0.6942708333333333 0.9824074074074074 0.6921875 0.9861111111111112 0.6932291666666667 0.9990740740740741 0.7151041666666667 0.9990740740740741 0.7098958333333333 0.9740740740740741 0.7067708333333333 0.9703703703703703
2 0.8328125 0.6398148148148148 0.8317708333333333 0.6962962962962963 0.8348958333333333 0.75 0.8453125 0.8185185185185185 0.8583333333333333 0.8759259259259259 0.8973958333333333 0.9990740740740741 0.9192708333333334 0.9990740740740741 0.8885416666666667 0.9037037037037037 0.8744791666666667 0.8481481481481481 0.8598958333333333 0.7703703703703704 0.8546875 0.7083333333333334 0.8536458333333333 0.6592592592592592 0.8583333333333333 0.6064814814814815 0.865625 0.5675925925925925 0.8645833333333334 0.562037037037037 0.8552083333333333 0.562037037037037 0.84375 0.5703703703703704 0.8364583333333333 0.6055555555555555
0 0.8494791666666667 0.5370370370370371 0.8489583333333334 0.5462962962962963 0.8505208333333333 0.5481481481481482 0.8703125 0.5407407407407407 0.8729166666666667 0.5361111111111111 0.8739583333333333 0.5222222222222223 0.8661458333333333 0.5203703703703704 0.8557291666666667 0.525 0.8515625 0.5296296296296297
0 0.8578125 0.49722222222222223 0.8572916666666667 0.5064814814814815 0.8588541666666667 0.5092592592592593 0.8760416666666667 0.5027777777777778 0.8802083333333334 0.4981481481481482 0.8817708333333333 0.4842592592592593 0.8744791666666667 0.4824074074074074 0.8640625 0.4861111111111111
0 0.8640625 0.46111111111111114 0.8635416666666667 0.4675925925925926 0.865625 0.47314814814814815 0.8838541666666667 0.46574074074074073 0.8869791666666667 0.46296296296296297 0.8895833333333333 0.44907407407407407 0.8875 0.4462962962962963 0.875 0.44907407407407407 0.8661458333333333 0.45555555555555555
0 0.8713541666666667 0.42777777777777776 0.871875 0.43703703703703706 0.8875 0.43333333333333335 0.8947916666666667 0.42592592592592593 0.8953125 0.41388888888888886 0.8828125 0.41388888888888886 0.8755208333333333 0.41944444444444445
0 0.884375 0.362962962962963 0.8833333333333333 0.3712962962962963 0.8869791666666667 0.375 0.9057291666666667 0.3648148148148148 0.9083333333333333 0.36018518518518516 0.9088541666666666 0.35185185185185186 0.9046875 0.3490740740740741 0.8963541666666667 0.35185185185185186 0.8875 0.3574074074074074
0 0.8786458333333333 0.39444444444444443 0.8791666666666667 0.4046296296296296 0.8973958333333333 0.39814814814814814 0.9010416666666666 0.39444444444444443 0.9020833333333333 0.38333333333333336 0.9 0.38055555555555554 0.8901041666666667 0.3824074074074074 0.8828125 0.387037037037037
0 0.8901041666666667 0.33425925925925926 0.8901041666666667 0.3435185185185185 0.8942708333333333 0.3453703703703704 0.9130208333333333 0.33425925925925926 0.9151041666666667 0.32407407407407407 0.9098958333333333 0.3212962962962963 0.8984375 0.325 0.8927083333333333 0.3287037037037037
0 0.9036458333333334 0.2759259259259259 0.9010416666666666 0.28703703703703703 0.9052083333333333 0.28888888888888886 0.9234375 0.2796296296296296 0.9260416666666667 0.2759259259259259 0.9265625 0.26851851851851855 0.9171875 0.2675925925925926
0 0.8953125 0.30925925925925923 0.8947916666666667 0.3138888888888889 0.896875 0.31851851851851853 0.9151041666666667 0.3111111111111111 0.9192708333333334 0.3055555555555556 0.9208333333333333 0.2972222222222222 0.9171875 0.2916666666666667 0.9026041666666667 0.29814814814814816
0 0.9072916666666667 0.25277777777777777 0.9067708333333333 0.26296296296296295 0.9104166666666667 0.26481481481481484 0.928125 0.25555555555555554 0.9317708333333333 0.24444444444444444 0.9302083333333333 0.24074074074074073 0.925 0.24074074074074073
0 0.9109375 0.23333333333333334 0.9109375 0.24074074074074073 0.9166666666666666 0.23981481481481481 0.9328125 0.22870370370370371 0.9369791666666667 0.21851851851851853 0.9322916666666666 0.21666666666666667 0.9244791666666666 0.21944444444444444 0.9145833333333333 0.22592592592592592
0 0.9291666666666667 0.14351851851851852 0.9302083333333333 0.15 0.9473958333333333 0.14629629629629629 0.9552083333333333 0.1388888888888889 0.95625 0.12962962962962962 0.946875 0.12962962962962962 0.9328125 0.13796296296296295
0 0.925 0.1648148148148148 0.925 0.17222222222222222 0.9395833333333333 0.1712962962962963 0.9489583333333333 0.16203703703703703 0.9510416666666667 0.15185185185185185 0.940625 0.1527777777777778
0 0.9208333333333333 0.18518518518518517 0.9197916666666667 0.19166666666666668 0.9213541666666667 0.19444444444444445 0.9395833333333333 0.18703703703703703 0.9442708333333333 0.1824074074074074 0.9463541666666667 0.1712962962962963 0.9307291666666667 0.175
3 0.54375 0.9935185185185185 0.5432291666666667 0.9990740740740741 0.9994791666666667 0.9990740740740741 0.9994791666666667 0 0.8807291666666667 0 0.6671875 0.6203703703703703 0.6348958333333333 0.725925925925926
0 0.9162640625 0.21338425925925927 0.9386359375000001 0.20542962962962963 0.9401921875 0.19643796296296295 0.9390250000000001 0.19401759259259257 0.9238510416666668 0.20024259259259258
0 0.9331890625 0.13072777777777778 0.9555604166666666 0.12277407407407408 0.9582838541666666 0.11170648148148148 0.9483625 0.11308981481481481 0.9380520833333333 0.12000740740740741
0 0.9370796875 0.11412777777777777 0.9559494791666666 0.10755648148148149 0.9621744791666667 0.10167777777777777 0.9629526041666666 0.09683611111111111 0.94991875 0.09821944444444444 0.9411645833333334 0.1030611111111111
0 0.939803125 0.09614351851851852 0.9623692708333333 0.08680648148148148 0.9658708333333333 0.08196481481481482 0.9670380208333333 0.07608518518518519 0.9586729166666667 0.07712314814814815 0.9471953125 0.08334814814814816 0.9388302083333334 0.09233981481481482
0 0.9442776041666666 0.07885185185185185 0.9551713541666668 0.07504722222222222 0.9639255208333334 0.07089722222222222 0.9682052083333333 0.06951388888888889 0.9693723958333333 0.06571018518518519 0.9697614583333334 0.060868518518518516 0.9590619791666666 0.0632888888888889 0.9483625 0.06813055555555556
0 0.9480348958333333 0.06110555555555556 0.9672468750000001 0.0546 0.9723437500000001 0.04716481481481482 0.9722130208333333 0.044144444444444444 0.9635874999999999 0.046467592592592595 0.952609375 0.051114814814814814
0 0.9541776041666666 0.04275092592592593 0.9677692708333333 0.03531574074074074 0.9716901041666667 0.03531574074074074 0.9749572916666666 0.029275000000000002 0.9642406250000001 0.03136574074074074 0.9547005208333333 0.03856851851851852
0 0.95626875 0.027880555555555558 0.9724744791666667 0.023466666666666667 0.9775713541666666 0.02021388888888889 0.9778328125000001 0.014869444444444446 0.9688151041666667 0.01905185185185185 0.9582291666666667 0.022537037037037036
0 0.679925 0.5912879629629629 0.6910598958333334 0.5823481481481482 0.6953697916666666 0.5529759259259259 0.6899822916666667 0.5555296296296296