2 0.0067708333333333336 0.9944444444444445 0.005208333333333333 0.9990740740740741 0.022916666666666665 0.9990740740740741 0.19479166666666667 0.7935185185185185 0.25052083333333336 0.7388888888888889 0.2921875 0.7046296296296296 0.35052083333333334 0.6657407407407407 0.4161458333333333 0.6351851851851852 0.4901041666666667 0.6166666666666667 0.5270833333333333 0.6138888888888889 0.5713541666666667 0.6148148148148148 0.634375 0.6268518518518519 0.6989583333333333 0.6518518518518519 0.7515625 0.6824074074074075 0.78125 0.7037037037037037 0.8286458333333333 0.7453703703703703 0.8807291666666667 0.8009259259259259 0.9229166666666667 0.8546296296296296 0.978125 0.9407407407407408 0.9979166666666667 0.9768518518518519 0.9994791666666667 0.9768518518518519 0.9994791666666667 0.9425925925925925 0.95 0.8629629629629629 0.8953125 0.7898148148148149 0.8328125 0.7231481481481481 0.7838541666666666 0.6814814814814815 0.7197916666666667 0.6398148148148148 0.6505208333333333 0.6101851851851852 0.5932291666666667 0.5962962962962963 0.5177083333333333 0.5935185185185186 0.46197916666666666 0.6018518518518519 0.3828125 0.6296296296296297 0.3171875 0.6666666666666666 0.27395833333333336 0.6981481481481482 0.22708333333333333 0.7388888888888889 0.171875 0.7962962962962963
0 0.14270833333333333 0.36203703703703705 0.14322916666666666 0.3712962962962963 0.14739583333333334 0.375 0.18854166666666666 0.34814814814814815 0.1921875 0.3398148148148148 0.1890625 0.3314814814814815 0.18489583333333334 0.33240740740740743
0 0.2296875 0.30925925925925923 0.23072916666666668 0.3212962962962963 0.23489583333333333 0.32222222222222224 0.2734375 0.3037037037037037 0.27708333333333335 0.3 0.27708333333333335 0.2935185185185185 0.2755208333333333 0.287962962962963 0.27239583333333334 0.28703703703703703
0 0.315625 0.2722222222222222 0.3140625 0.28055555555555556 0.3177083333333333 0.28703703703703703 0.35625 0.275 0.35989583333333336 0.2712962962962963 0.36041666666666666 0.2638888888888889 0.359375 0.25925925925925924 0.3541666666666667 0.25925925925925924
0 0.39791666666666664 0.2518518518518518 0.396875 0.262037037037037 0.39895833333333336 0.2657407407407407 0.43645833333333334 0.2611111111111111 0.4395833333333333 0.25925925925925924 0.44114583333333335 0.2537037037037037 0.4395833333333333 0.24444444444444444 0.41041666666666665 0.24722222222222223
0 0.47708333333333336 0.2462962962962963 0.47760416666666666 0.25925925925925924 0.5151041666666667 0.2601851851851852 0.51875 0.25462962962962965 0.51875 0.24444444444444444 0.5166666666666667 0.24351851851851852 0.48020833333333335 0.24259259259259258
0 0.5546875 0.25277777777777777 0.5536458333333333 0.26296296296296295 0.55625 0.2657407407407407 0.5895833333333333 0.2712962962962963 0.5953125 0.2638888888888889 0.5947916666666667 0.25555555555555554 0.5916666666666667 0.2537037037037037 0.5609375 0.24814814814814815
0 0.6291666666666667 0.2712962962962963 0.6296875 0.2824074074074074 0.6598958333333333 0.2935185185185185 0.665625 0.2935185185185185 0.6692708333333334 0.28425925925925927 0.6682291666666667 0.27685185185185185 0.646875 0.26851851851851855 0.6328125 0.2657407407407407
0 0.7010416666666667 0.30185185185185187 0.7005208333333334 0.3074074074074074 0.7026041666666667 0.31203703703703706 0.7302083333333333 0.3277777777777778 0.7369791666666666 0.32685185185185184 0.7401041666666667 0.31666666666666665 0.7380208333333333 0.3101851851851852 0.7104166666666667 0.2953703703703704 0.7052083333333333 0.29444444444444445
0 0.7713541666666667 0.3416666666666667 0.7703125 0.3490740740740741 0.771875 0.3527777777777778 0.7901041666666667 0.36203703703703705 0.7901041666666667 0.3472222222222222 0.7875 0.3416666666666667 0.7765625 0.33611111111111114
3 0.4875 0.014814814814814815 0 0.5037037037037037 0 0.9916666666666667 0.0140625 0.9842592592592593 0.016666666666666666 0.975 0.0265625 0.9675925925925926 0.0359375 0.9842592592592593 0.0296875 0.9935185185185185 0.034895833333333334 0.9990740740740741 0.476190625 0.9990740740740741 0.5431546875 0.9431212962962964 0.5647322916666667 0.9933861111111111 0.9994791666666667 0.9990740740740741 0.9994791666666667 0.5777777777777777 0.9880208333333333 0.5675925925925925 0.9338541666666667 0.5 0.8927083333333333 0.4564814814814815 0.859375 0.42407407407407405 0.7994791666666666 0.375 0.790625 0.36574074074074076 0.7895833333333333 0.3611111111111111 0.7895833333333333 0.3351851851851852 0.7854166666666667 0.32592592592592595 0.7848958333333333 0.24537037037037038 0.7869791666666667 0.20277777777777778 0.79375 0.14907407407407408 0.8098958333333334 0.07777777777777778 0.8223958333333333 0.04259259259259259 0.8385416666666666 0.006481481481481481 0.8385416666666666 0 0.5026041666666666 0