0 0.7233695652173913 0.7540777917189461 0.716304347826087 0.7540777917189461 0.7152173913043478 0.7578419071518193 0.7445652173913043 0.7754077791718946 0.7434782608695653 0.7703889585947302 0.7326086956521739 0.7616060225846926 0.7304347826086957 0.7540777917189461
0 0.6880434782608695 0.7277289836888331 0.6728260869565217 0.7302383939774153 0.6967391304347826 0.7452948557089084 0.717391304347826 0.7440401505646174 0.716304347826087 0.740276035131744 0.6945652173913044 0.7277289836888331
0 0.6434782608695652 0.7076537013801757 0.6347826086956522 0.7101631116687579 0.6510869565217391 0.7202007528230866 0.6739130434782609 0.7202007528230866 0.65 0.7076537013801757
0 0.6032608695652174 0.6913425345043914 0.6021739130434782 0.6951066499372648 0.616304347826087 0.7026348808030113 0.6347826086956522 0.7013801756587202 0.6326086956521739 0.6976160602258469 0.6097826086956522 0.6913425345043914
0 0.5815217391304348 0.6800501882057717 0.5728260869565217 0.6825595984943539 0.5847826086956521 0.6888331242158093 0.6 0.6888331242158093 0.6021739130434782 0.685069008782936 0.5891304347826087 0.6800501882057717
0 0.5489130434782609 0.6687578419071518 0.5434782608695652 0.671267252195734 0.558695652173913 0.6775407779171895 0.5717391304347826 0.6750313676286073 0.5554347826086956 0.6687578419071518
0 0.5266304347826087 0.6599749058971142 0.5184782608695652 0.6612296110414053 0.5423913043478261 0.6675031367628608 0.5423913043478261 0.6637390213299874 0.532608695652174 0.6599749058971142
0 0.4945652173913043 0.6524466750313677 0.4967391304347826 0.657465495608532 0.5152173913043478 0.657465495608532 0.5010869565217392 0.6524466750313677
0 0.47391304347826085 0.6461731493099122 0.4673913043478261 0.6474278544542033 0.4902173913043478 0.6537013801756587 0.4902173913043478 0.6499372647427855 0.47934782608695653 0.6461731493099122
0 0.4489130434782609 0.6411543287327478 0.4434782608695652 0.64366373902133 0.46304347826086956 0.644918444165621 0.45652173913043476 0.6411543287327478
0 0.4255434782608696 0.6361355081555834 0.41956521739130437 0.6361355081555834 0.42717391304347824 0.6411543287327478 0.44021739130434784 0.6398996235884568 0.4315217391304348 0.6361355081555834
0 0.3978260869565217 0.6323713927227101 0.4 0.6361355081555834 0.41304347826086957 0.6373902132998746 0.4043478260869565 0.6323713927227101
0 0.37771739130434784 0.6298619824341279 0.3717391304347826 0.6311166875784191 0.391304347826087 0.6336260978670013 0.38369565217391305 0.6298619824341279
0 0.3521739130434783 0.6273525721455459 0.34782608695652173 0.6298619824341279 0.3652173913043478 0.6298619824341279 0.3532608695652174 0.6286072772898369
0 0.33224673913043473 0.6260978670012547 0.32065217391304346 0.6260978670012547 0.3282608695652174 0.6298619824341279 0.33804347826086956 0.6260978670012547
2 0.017391304347826087 0.6562107904642409 0 0.6562107904642409 0 0.6624843161856964 0.12717391304347825 0.6762860727728983 0.18478260869565216 0.6900878293601004 0.2217391304347826 0.7038895859473023 0.266304347826087 0.7314930991217063 0.2902173913043478 0.7590966122961104 0.3065217391304348 0.8017565872020075 0.3108695652173913 0.8569636135508155 0.3032608695652174 0.918444165621079 0.3467391304347826 0.917189460476788 0.34891304347826085 0.8670012547051443 0.34130434782608693 0.8067754077791719 0.32717391304347826 0.7716436637390214 0.29239130434782606 0.7289836888331243 0.25 0.7026348808030113 0.19782608695652174 0.6838143036386449 0.10434782608695652 0.6649937264742786
1 0.9043478260869565 0.6122961104140527 0.8934782608695652 0.6273525721455459 0.9978260869565218 0.6323713927227101 0.9967391304347826 0.617314930991217
3 0.01847826086956522 0.6273525721455459 0 0.6298619824341279 0 0.918444165621079 0.029347826086956522 0.9196988707653702 0.3467391304347826 0.9146800501882058 0.35434782608695653 0.918444165621079 0.9163043478260869 0.9159347553324969 0.9173913043478261 0.9109159347553325 0.9010869565217391 0.8958594730238394 0.8206521739130435 0.8431618569636136 0.7478260869565218 0.7779171894604768 0.7391304347826086 0.7754077791718946 0.7336956521739131 0.767879548306148 0.7347826086956522 0.7515683814303639 0.7195652173913043 0.7478042659974906 0.7195652173913043 0.7377666248431619 0.7130434782608696 0.7252195734002509 0.7152173913043478 0.7051442910915935 0.7271739130434782 0.6888331242158093 0.7423913043478261 0.6787954830614805 0.7913043478260869 0.6624843161856964 0.9184782608695652 0.6511919698870765 0.9706521739130435 0.6524466750313677 0.9967391304347826 0.6474278544542033 0.9934782608695653 0.6398996235884568 0.9956521739130435 0.6298619824341279 0.9869565217391304 0.6223337515683814 0.9402173913043478 0.617314930991217 0.9021739130434783 0.6198243412797992 0.8956521739130435 0.6148055207026348 0.33260869565217394 0.6260978670012547