0 0.5554347826086956 0.588456712672522 0.5521739130434783 0.5909661229611042 0.5532608695652174 0.5922208281053952 0.5554347826086956 0.5909661229611042 0.5619565217391305 0.5909661229611042 0.5641304347826087 0.588456712672522 0.5652173913043478 0.588456712672522
0 0.5391304347826087 0.5909661229611042 0.5315217391304348 0.5947302383939774 0.532608695652174 0.5959849435382685 0.5391304347826087 0.5959849435382685 0.5459554347826087 0.5938155583437892 0.5476695652173913 0.5924316185696361
2 0.325 0.6537013801756587 0.32717391304347826 0.6725219573400251 0.3456521739130435 0.6913425345043914 0.3826086956521739 0.71267252195734 0.4597826086956522 0.7415307402760352 0.625 0.7841907151819323 0.7478260869565218 0.8080301129234629 0.8239130434782609 0.8168130489335006 0.8228260869565217 0.8067754077791719 0.8184782608695652 0.8042659974905897 0.5934782608695652 0.7641154328732748 0.45543478260869563 0.7277289836888331 0.3869565217391304 0.7013801756587202 0.358695652173913 0.685069008782936 0.34130434782608693 0.6662484316185696 0.3467391304347826 0.64366373902133 0.3652173913043478 0.6323713927227101 0.39891304347826084 0.6210790464240903 0.5119565217391304 0.6022584692597239 0.5260869565217391 0.5984943538268507 0.5260869565217391 0.5947302383939774 0.375 0.6223337515683814 0.33804347826086956 0.6386449184441656
1 0.6050913043478261 0.6419799247176914 0.7741608695652173 0.6532785445420326 0.7821695652173913 0.6132195734002509 0.6700489130434784 0.6080828105395232
1 0.7821695652173913 0.614245922208281 0.7714913043478261 0.6563601003764116 0.9841630434782608 0.6697126725219573 0.9120858695652174 0.6204090338770389
0 0.56635 0.5894002509410289 0.5736956521739129 0.5887478042659975 0.5736956521739129 0.587444165621079 0.565408695652174 0.5872258469259724
0 0.5770858695652173 0.5894002509410289 0.5863141304347826 0.5883136762860728 0.586879347826087 0.5852697616060225 0.5784043478260869 0.5844002509410289
0 0.5910228260869566 0.5857038895859473 0.5978032608695653 0.5852697616060225 0.5978032608695653 0.5822258469259723 0.5915880434782609 0.5841831869510665
0 0.6025119565217392 0.5844002509410289 0.6141891304347826 0.5830953575909661 0.6124945652173913 0.5802697616060226 0.6028891304347826 0.5813563362609787
0 0.6165217391304348 0.5818067754077791 0.6216304347826087 0.5816813048933501 0.6222826086956522 0.5780426599749059 0.6165217391304348 0.5791718946047679
0 0.623695652173913 0.5794228356336261 0.6302173913043477 0.5790464240903388 0.6297826086956522 0.5751568381430363 0.6234782608695653 0.5772898368883312
0 0.6328260869565218 0.578168130489335 0.6413043478260869 0.576913425345044 0.6408695652173914 0.5759096612296111 0.6345652173913043 0.5764115432873275
0 0.6452173913043479 0.5754077791718947 0.6526086956521739 0.5752823086574655 0.6521739130434783 0.5730238393977415 0.6438043478260869 0.5737766624843162
3 0.004347826086956522 0.657465495608532 0 0.6587202007528231 0 0.917189460476788 0.9989130434782608 0.9159347553324969 0.9989130434782608 0.7252195734002509 0.8 0.7139272271016311 0.6760869565217391 0.698870765370138 0.5391304347826087 0.671267252195734 0.5043478260869565 0.657465495608532 0.4902173913043478 0.6424090338770388 0.4902173913043478 0.6348808030112923 0.5010869565217392 0.6235884567126725 0.5510869565217391 0.6085319949811794 0.5619565217391305 0.5984943538268507 0.5576086956521739 0.5947302383939774 0.5152173913043478 0.6022584692597239 0.5010869565217392 0.5909661229611042 0.4532608695652174 0.5959849435382685
3 0.6956521739130435 0.5721455457967378 0.6934782608695652 0.5784190715181933 0.6760869565217391 0.5909661229611042 0.6815217391304348 0.5959849435382685 0.6826086956521739 0.6060225846925973 0.6130434782608696 0.6411543287327478 0.9739130434782609 0.6687578419071518 0.9782608695652174 0.6675031367628608 0.9717391304347827 0.6599749058971142 0.9326086956521739 0.6361355081555834 0.9326086956521739 0.616060225846926 0.9989130434782608 0.6035131744040151 0.9989130434782608 0.5746549560853199 0.9902173913043478 0.5734002509410289 0.8739130434782608 0.5696361355081556
3 0.4815108695652174 0.5871869510664993 0.5474434782608696 0.6144015056461731 0.610979347826087 0.5964127979924718 0.6821065217391304 0.5977967377666249 0.7120760869565218 0.56735382685069 0.6389510869565218 0.569198243412798