2 0.5097826086956522 0.6411543287327478 0.5119565217391304 0.6486825595984943 0.6152173913043478 0.7603513174404015 0.7282608695652174 0.9159347553324969 0.7706521739130435 0.918444165621079 0.7282608695652174 0.8607277289836889 0.6402173913043478 0.7590966122961104 0.525 0.6461731493099122
2 0.3726478260869565 0.5897967377666248 0.37835108695652175 0.5881505646173149 0.3751434782608696 0.5860928481806775 0.37015326086956524 0.5838306148055207 0.3553608695652174 0.5832132998745295 0.31169891304347824 0.5801279799247178 0.2956586956521739 0.5813613550815558 0.29690652173913046 0.5823902132998745 0.3197184782608696 0.5840363864491844 0.34413369565217394 0.5840363864491844 0.3628467391304348 0.5850652446675032
2 0.8299597826086956 0.5982961104140527 0.8784858695652173 0.5982961104140527 0.9291032608695652 0.6031254705144291 0.9788836956521739 0.6055395232120452 0.997708695652174 0.6060225846925973 0.997708695652174 0.6036072772898369 0.9554576086956521 0.6016762860727729 0.8968923913043478 0.5978130489335006 0.8529673913043478 0.5968469259723965
1 0.7023695652173912 0.6180941028858218 0.7944021739130435 0.6147139272271016 0.9985456521739131 0.6412722710163111 0.9985456521739131 0.6697628607277291
1 0.7956565217391305 0.6127829360100376 0.8692826086956522 0.6118168130489335 0.9989130434782608 0.6258205771643663 0.9989130434782608 0.6417553324968632
0 0.3773815217391304 0.5795332496863237 0.3902271739130435 0.5795332496863237 0.39043804347826083 0.5756436637390213 0.3784347826086957 0.5766160602258469
0 0.39633478260869565 0.5807490589711418 0.4119184782608695 0.5819636135508155 0.41212934782608696 0.5800188205771644 0.39844021739130436 0.5790464240903388
0 0.4159195652173913 0.5831794228356336 0.4264489130434783 0.5836662484316186 0.4264489130434783 0.5805056461731494 0.41634130434782607 0.5800188205771644
3 0.1391304347826087 0.6072772898368883 0.1391304347826087 0.616060225846926 0.14673913043478262 0.617314930991217 0.15434782608695652 0.6273525721455459 0.2326086956521739 0.6286072772898369 0.3239130434782609 0.6386449184441656 0.35434782608695653 0.6511919698870765 0.3641304347826087 0.6637390213299874 0.3467391304347826 0.7101631116687579 0.33152173913043476 0.7314930991217063 0.22065217391304348 0.8657465495608532 0.18695652173913044 0.8958594730238394 0.17391304347826086 0.9134253450439147 0.1815217391304348 0.917189460476788 0.9989130434782608 0.9159347553324969 0.9989130434782608 0.7766624843161857 0.7228260869565217 0.6662484316185696 0.6260869565217392 0.6336260978670013 0.6086956521739131 0.6210790464240903 0.6239130434782608 0.6060225846925973 0.6173913043478261 0.5997490589711418 0.45543478260869563 0.5922208281053952 0.4152173913043478 0.5834378920953576 0.38369565217391305 0.5834378920953576 0.3717391304347826 0.5934755332496863 0.3565217391304348 0.5872020075282308 0.31956521739130433 0.5859473023839398
3 0.002173913043478261 0.6110414052697616 0 0.6286072772898369 0.11739130434782609 0.6273525721455459 0.2684782608695652 0.6336260978670013 0.3402173913043478 0.644918444165621 0.36195652173913045 0.6562107904642409 0.36195652173913045 0.6800501882057717 0.34782608695652173 0.7076537013801757 0.3402173913043478 0.7214554579673776 0.33260869565217394 0.7227101631116688 0.3217391304347826 0.7365119196988708 0.3173913043478261 0.7503136762860728 0.30978260869565216 0.7503136762860728 0.29891304347826086 0.7766624843161857 0.2858695652173913 0.7804265997490589 0.2728260869565217 0.7992471769134254 0.2326086956521739 0.8343789209535759 0.2326086956521739 0.8393977415307403 0.21304347826086956 0.849435382685069 0.1923913043478261 0.8808030112923463 0.18369565217391304 0.8833124215809285 0.1858695652173913 0.8933500627352572 0.16847826086956522 0.9146800501882058 0.1891304347826087 0.918444165621079 0.5608695652173913 0.9196988707653702 0.7206521739130435 0.9134253450439147 0.6902173913043478 0.8657465495608532 0.6804347826086956 0.8619824341279799 0.6641304347826087 0.8419071518193224 0.6641304347826087 0.8293601003764115 0.6380434782608696 0.8005018820577164 0.6369565217391304 0.7929736511919699 0.625 0.7904642409033877 0.6239130434782608 0.7791718946047679 0.6054347826086957 0.7540777917189461 0.5673913043478261 0.7164366373902133 0.5532608695652174 0.6951066499372648 0.5434782608695652 0.6913425345043914 0.5402173913043479 0.6825595984943539 0.55 0.6637390213299874 0.558695652173913 0.6675031367628608 0.625 0.6649937264742786 0.6260869565217392 0.6361355081555834 0.6086956521739131 0.6248431618569636 0.6097826086956522 0.6122961104140527 0.5782608695652174 0.6122961104140527 0.5619565217391305 0.5984943538268507 0.45217391304347826 0.5934755332496863 0.4141304347826087 0.5834378920953576 0.3576086956521739 0.5872020075282308 0.33152173913043476 0.5809284818067754 0.28695652173913044 0.5959849435382685
3 0.8 0.6122961104140527 0.7217391304347827 0.6198243412797992 0.7510869565217392 0.6323713927227101 0.775 0.6323713927227101 0.8369565217391305 0.6474278544542033 0.9989130434782608 0.6700125470514429 0.9989130434782608 0.6260978670012547 0.8728260869565218 0.6122961104140527
3 0.003260869565217391 0.6110414052697616 0 0.6122961104140527 0 0.6298619824341279 0.23695652173913043 0.6311166875784191 0.3173913043478261 0.6398996235884568 0.3576086956521739 0.6549560853199499 0.3630434782608696 0.6750313676286073 0.35108695652173916 0.7026348808030113 0.3065217391304348 0.7540777917189461 0.3065217391304348 0.7616060225846926 0.29456521739130437 0.7766624843161857 0.2 0.8745294855708908 0.17282608695652174 0.904642409033877 0.1673913043478261 0.917189460476788 0.3521739130434783 0.9209535759096612 0.9402173913043478 0.918444165621079 0.9989130434782608 0.9134253450439147 0.9989130434782608 0.7779171894604768 0.9945652173913043 0.7741530740276035 0.616304347826087 0.6273525721455459 0.6260869565217392 0.6085319949811794 0.6565217391304348 0.6035131744040151 0.8152173913043478 0.5997490589711418 0.8369565217391305 0.6010037641154329 0.8380434782608696 0.6047678795483061 0.8684782608695653 0.6010037641154329 0.9847826086956522 0.6122961104140527 0.9989130434782608 0.6097867001254705 0.9989130434782608 0.5984943538268507 0.8880434782608696 0.5947302383939774 0.6967391304347826 0.5771643663739021 0.6652173913043479 0.5771643663739021 0.6369565217391304 0.5922208281053952 0.4989130434782609 0.5934755332496863 0.44021739130434784 0.588456712672522 0.41847826086956524 0.5771643663739021 0.3847826086956522 0.5771643663739021 0.3141304347826087 0.5796737766624843 0.28369565217391307 0.5959849435382685 0.2532608695652174 0.5997490589711418