0 0.0328125 0.8453703703703703 0.030729166666666665 0.8490740740740741 0.0328125 0.862037037037037 0.04010416666666667 0.8638888888888889 0.07083333333333333 0.8379629629629629 0.07604166666666666 0.8314814814814815 0.0765625 0.8268518518518518 0.0734375 0.8175925925925925 0.065625 0.8166666666666667
0 0.10625 0.7787037037037037 0.10416666666666667 0.7824074074074074 0.10625 0.7925925925925926 0.10885416666666667 0.7962962962962963 0.1140625 0.7962962962962963 0.14739583333333334 0.7666666666666667 0.14895833333333333 0.7583333333333333 0.14427083333333332 0.75 0.13854166666666667 0.7509259259259259
0 0.17552083333333332 0.7175925925925926 0.17864583333333334 0.7305555555555555 0.184375 0.7314814814814815 0.21822916666666667 0.6990740740740741 0.21510416666666668 0.687962962962963 0.209375 0.687037037037037
0 0.24479166666666666 0.6537037037037037 0.24322916666666666 0.6564814814814814 0.24479166666666666 0.6666666666666666 0.24791666666666667 0.6703703703703704 0.2520833333333333 0.6694444444444444 0.28177083333333336 0.6435185185185185 0.284375 0.6361111111111111 0.28177083333333336 0.6277777777777778 0.2765625 0.6259259259259259
0 0.309375 0.5944444444444444 0.3104166666666667 0.6074074074074074 0.3171875 0.6092592592592593 0.3463541666666667 0.5842592592592593 0.3484375 0.5777777777777777 0.3458333333333333 0.5685185185185185 0.3416666666666667 0.5666666666666667
0 0.3723958333333333 0.537962962962963 0.3729166666666667 0.549074074074074 0.3776041666666667 0.5527777777777778 0.4088541666666667 0.5259259259259259 0.40989583333333335 0.5222222222222223 0.40729166666666666 0.5120370370370371 0.40260416666666665 0.5111111111111111
0 0.434375 0.48055555555555557 0.4322916666666667 0.4842592592592593 0.4328125 0.4898148148148148 0.4354166666666667 0.49722222222222223 0.4390625 0.49722222222222223 0.46770833333333334 0.47129629629629627 0.46875 0.4648148148148148 0.4666666666666667 0.45740740740740743 0.4630208333333333 0.4564814814814815
0 0.49114583333333334 0.42962962962962964 0.49270833333333336 0.44166666666666665 0.4984375 0.4425925925925926 0.5255208333333333 0.41759259259259257 0.5255208333333333 0.4101851851851852 0.5229166666666667 0.40370370370370373 0.51875 0.4046296296296296
0 0.5489583333333333 0.37592592592592594 0.546875 0.37962962962962965 0.5484375 0.38981481481481484 0.5541666666666667 0.39166666666666666 0.5786458333333333 0.36944444444444446 0.5807291666666666 0.36574074074074076 0.5796875 0.35555555555555557 0.578125 0.3527777777777778 0.571875 0.35555555555555557
0 0.6020833333333333 0.3277777777777778 0.6020833333333333 0.3388888888888889 0.60625 0.3425925925925926 0.63125 0.32037037037037036 0.634375 0.31296296296296294 0.6296875 0.3037037037037037
0 0.6546875 0.2796296296296296 0.6541666666666667 0.287962962962963 0.6578125 0.2953703703703704 0.6791666666666667 0.27685185185185185 0.6848958333333334 0.27037037037037037 0.6859375 0.26481481481481484 0.6833333333333333 0.2564814814814815 0.6802083333333333 0.2564814814814815
0 0.7067708333333333 0.2324074074074074 0.70625 0.24351851851851852 0.7114583333333333 0.2462962962962963 0.7338541666666667 0.22592592592592592 0.7354166666666667 0.21388888888888888 0.7338541666666667 0.2101851851851852 0.7302083333333333 0.2101851851851852
0 0.7557291666666667 0.18703703703703703 0.7552083333333334 0.19722222222222222 0.7583333333333333 0.20277777777777778 0.7822916666666667 0.18055555555555555 0.784375 0.175 0.7833333333333333 0.1685185185185185 0.7791666666666667 0.1648148148148148
0 0.8036458333333333 0.14444444444444443 0.8036458333333333 0.15555555555555556 0.8083333333333333 0.1574074074074074 0.8291666666666667 0.13796296296296295 0.83125 0.12777777777777777 0.8286458333333333 0.12129629629629629 0.8255208333333334 0.12222222222222222
0 0.85 0.10092592592592593 0.8505208333333333 0.11203703703703703 0.8520833333333333 0.11574074074074074 0.8552083333333333 0.11481481481481481 0.875 0.09537037037037037 0.8770833333333333 0.09166666666666666 0.8765625 0.0824074074074074 0.8723958333333334 0.0787037037037037
0 0.8979166666666667 0.05648148148148148 0.8958333333333334 0.06018518518518518 0.8963541666666667 0.06851851851851852 0.8973958333333333 0.07314814814814814 0.9010416666666666 0.07314814814814814 0.921875 0.05185185185185185 0.921875 0.040740740740740744 0.9182291666666667 0.037037037037037035
0 0.9411458333333333 0.018518518518518517 0.9421875 0.03148148148148148 0.9453125 0.03148148148148148 0.9630208333333333 0.01574074074074074 0.9666666666666667 0.010185185185185186 0.9666666666666667 0.003703703703703704 0.965625 0 0.9583333333333334 0
3 0.9994791666666667 0 0 0 0 0.8805555555555555 0.0078125 0.8916666666666667 0.015625 0.8916666666666667 0.024479166666666666 0.8962962962962963 0.030208333333333334 0.8935185185185185 0.0375 0.8972222222222223 0.0359375 0.9037037037037037 0.04583333333333333 0.9037037037037037 0.053125 0.9074074074074074 0.05677083333333333 0.9046296296296297 0.06458333333333334 0.9074074074074074 0.08697916666666666 0.9055555555555556 0.11927083333333334 0.8916666666666667 0.12760416666666666 0.8962962962962963 0.13333333333333333 0.8944444444444445 0.15677083333333333 0.9 0.15989583333333332 0.9046296296296297 0.175 0.9064814814814814 0.1921875 0.9222222222222223 0.1984375 0.9194444444444444 0.19947916666666668 0.9268518518518518 0.20260416666666667 0.9277777777777778 0.20104166666666667 0.9314814814814815 0.20625 0.937037037037037 0.20989583333333334 0.9324074074074075 0.21197916666666666 0.9342592592592592 0.21197916666666666 0.9453703703703704 0.215625 0.9481481481481482 0.21770833333333334 0.9555555555555556 0.215625 0.9611111111111111 0.21927083333333333 0.9703703703703703 0.21979166666666666 0.9805555555555555 0.22239583333333332 0.9842592592592593 0.22291666666666668 0.9944444444444445 0.23385416666666667 0.9990740740740741 0.39010416666666664 0.9990740740740741 0.39739583333333334 0.9879629629629629 0.4161458333333333 0.9731481481481481 0.4244791666666667 0.962037037037037 0.4296875 0.9601851851851851 0.4390625 0.9472222222222222 0.5052083333333334 0.8805555555555555 0.5119791666666667 0.8703703703703703 0.5197916666666667 0.8648148148148148 0.5255208333333333 0.8546296296296296 0.5307291666666667 0.8527777777777777 0.5609375 0.8212962962962963 0.5640625 0.8148148148148148 0.5744791666666667 0.8074074074074075 0.5796875 0.799074074074074 0.5994791666666667 0.7814814814814814 0.6052083333333333 0.7712962962962963 0.615625 0.7648148148148148 0.6197916666666666 0.7574074074074074 0.63125 0.7481481481481481 0.6328125 0.7435185185185185 0.6421875 0.7379629629629629 0.6463541666666667 0.7296296296296296 0.6614583333333334 0.7148148148148148 0.6645833333333333 0.7148148148148148 0.6734375 0.7018518518518518 0.6786458333333333 0.7027777777777777 0.6817708333333333 0.6935185185185185 0.6869791666666667 0.6916666666666667 0.6875 0.687962962962963 0.6932291666666667 0.6925925925925925 0.69375 0.6824074074074075 0.6984375 0.674074074074074 0.7052083333333333 0.6703703703703704 0.7078125 0.6648148148148149 0.7416666666666667 0.6305555555555555 0.75 0.6185185185185185 0.7598958333333333 0.612037037037037 0.7729166666666667 0.5953703703703703 0.8765625 0.4898148148148148 0.8958333333333334 0.46574074074074073 0.9052083333333333 0.45925925925925926 0.9114583333333334 0.44907407407407407 0.9177083333333333 0.44537037037037036 0.921875 0.43796296296296294 0.9317708333333333 0.4305555555555556 0.9354166666666667 0.42407407407407405 0.9708333333333333 0.38981481481481484 0.9755208333333333 0.3824074074074074 0.9854166666666667 0.37592592592592594 0.9947916666666666 0.3638888888888889 0.9994791666666667 0.362962962962963