2 0.9930119565217391 0.644918444165621 0.8739130434782608 0.6474278544542033 0.7652173913043478 0.657465495608532 0.6630434782608695 0.6775407779171895 0.6086956521739131 0.6925972396486826 0.4956521739130435 0.7352572145545797 0.3858695652173913 0.7879548306148055 0.275 0.849435382685069 0.1641304347826087 0.918444165621079 0.21521739130434783 0.917189460476788 0.33043478260869563 0.8419071518193224 0.46304347826086956 0.766624843161857 0.5554347826086956 0.7239648682559598 0.6293478260869565 0.6976160602258469 0.6717391304347826 0.685069008782936 0.7739130434782608 0.6637390213299874 0.9163043478260869 0.6549560853199499 0.9315217391304348 0.6511919698870765 0.9989130434782608 0.6524466750313677 0.9989130434782608 0.644918444165621
0 0.47934782608695653 0.6311166875784191 0.4782608695652174 0.6323713927227101 0.47391304347826085 0.6323713927227101 0.47282608695652173 0.6336260978670013 0.4706521739130435 0.6336260978670013 0.46847826086956523 0.6361355081555834 0.4652173913043478 0.6361355081555834 0.4652173913043478 0.6373902132998746 0.4673913043478261 0.6386449184441656 0.46847826086956523 0.6373902132998746 0.47608695652173916 0.6373902132998746 0.4771739130434783 0.6361355081555834 0.47934782608695653 0.6361355081555834 0.483695652173913 0.6336260978670013 0.483695652173913 0.6323713927227101 0.4815217391304348 0.6311166875784191
0 0.5021739130434782 0.6298619824341279 0.4967391304347826 0.6298619824341279 0.4934782608695652 0.6323713927227101 0.49130434782608695 0.6323713927227101 0.49130434782608695 0.6336260978670013 0.5054347826086957 0.6336260978670013 0.5065217391304347 0.6323713927227101 0.508695652173913 0.6323713927227101 0.5076086956521739 0.6298619824341279
0 0.5239130434782608 0.6273525721455459 0.5228260869565218 0.6286072772898369 0.5184782608695652 0.6286072772898369 0.5173913043478261 0.6298619824341279 0.5184782608695652 0.6311166875784191 0.5293478260869565 0.6311166875784191 0.5304347826086957 0.6298619824341279 0.5358695652173913 0.6298619824341279 0.5358695652173913 0.6286072772898369 0.533695652173913 0.6273525721455459 0.5304347826086957 0.6273525721455459 0.5293478260869565 0.6286072772898369 0.5271739130434783 0.6273525721455459
0 0.5576086956521739 0.6248431618569636 0.5565217391304348 0.6260978670012547 0.5456521739130434 0.6260978670012547 0.5456521739130434 0.6273525721455459 0.5478260869565217 0.6286072772898369 0.5641304347826087 0.6286072772898369 0.566304347826087 0.6260978670012547 0.5673913043478261 0.6260978670012547 0.5630434782608695 0.6260978670012547 0.5619565217391305 0.6248431618569636
0 0.5842391304347826 0.6235884567126725 0.5771739130434783 0.6235884567126725 0.5760869565217391 0.6248431618569636 0.5739130434782609 0.6248431618569636 0.5739130434782609 0.6260978670012547 0.5771739130434783 0.6260978670012547 0.5782608695652174 0.6273525721455459 0.5815217391304348 0.6273525721455459 0.5826086956521739 0.6260978670012547 0.5945652173913043 0.6260978670012547 0.591304347826087 0.6235884567126725
0 0.616304347826087 0.6210790464240903 0.6152173913043478 0.6223337515683814 0.6032608695652174 0.6223337515683814 0.6032608695652174 0.6235884567126725 0.6043478260869565 0.6248431618569636 0.6184782608695653 0.6248431618569636 0.6195652173913043 0.6235884567126725 0.6217391304347826 0.6235884567126725 0.6217391304347826 0.6223337515683814 0.6173913043478261 0.6223337515683814
0 0.6434782608695652 0.6210790464240903 0.6358695652173914 0.6210790464240903 0.6347826086956522 0.6223337515683814 0.6326086956521739 0.6223337515683814 0.633695652173913 0.6235884567126725 0.6510869565217391 0.6235884567126725 0.6521739130434783 0.6223337515683814 0.6510869565217391 0.6210790464240903
0 0.6641304347826087 0.6198243412797992 0.6815217391304348 0.6210790464240903 0.6728260869565217 0.6198243412797992
0 0.7340576086956522 0.6198243412797992 0.7217391304347827 0.6210790464240903 0.7402173913043478 0.6198243412797992
0 0.8 0.6198243412797992 0.783695652173913 0.6223337515683814 0.8065217391304348 0.6223337515683814 0.8054347826086956 0.6198243412797992
0 0.8652173913043478 0.6210790464240903 0.8619565217391304 0.6223337515683814 0.8706521739130435 0.6223337515683814 0.866304347826087 0.6223337515683814
0 0.8184782608695652 0.6198243412797992 0.8130434782608695 0.6223337515683814 0.8369565217391305 0.6223337515683814 0.825 0.6198243412797992
0 0.8619565217391304 0.6185696361355082 0.8489130434782609 0.6198243412797992 0.8532608695652174 0.6235884567126725 0.8739130434782608 0.6223337515683814 0.8684782608695653 0.6185696361355082
0 0.8891304347826087 0.6198243412797992 0.8858695652173914 0.6223337515683814 0.8989130434782608 0.6260978670012547 0.9108695652173913 0.6223337515683814 0.8934782608695652 0.6198243412797992
0 0.7039858695652175 0.6198243412797992 0.6923913043478261 0.6198243412797992 0.7108695652173913 0.6223337515683814 0.7097826086956521 0.6198243412797992
0 0.7684782608695652 0.6185696361355082 0.7532608695652174 0.6198243412797992 0.7695652173913043 0.6198243412797992
3 0.005434782608695652 0.7791718946047679 0 0.7816813048933501 0 0.918444165621079 0.825 0.918444165621079 0.8402173913043478 0.9134253450439147 0.8380434782608696 0.903387703889586 0.8445652173913043 0.890840652446675 0.8391304347826087 0.8820577164366374 0.8434782608695652 0.8381430363864492 0.8532608695652174 0.8005018820577164 0.8684782608695653 0.7691342534504392 0.8869565217391304 0.7452948557089084 0.9184782608695652 0.7214554579673776 0.9793478260869565 0.6976160602258469 0.9989130434782608 0.6951066499372648 0.9989130434782608 0.6311166875784191 0.9565217391304348 0.6260978670012547 0.8608695652173913 0.6248431618569636 0.8315217391304348 0.617314930991217 0.7782608695652173 0.6148055207026348 0.7630434782608696 0.6060225846925973 0.7630434782608696 0.5909661229611042 0.7576086956521739 0.5872020075282308 0.6195652173913043 0.588456712672522 0.5358695652173913 0.616060225846926 0.525 0.6248431618569636 0.5010869565217392 0.6260978670012547 0.4967391304347826 0.6323713927227101 0.4934782608695652 0.6298619824341279 0.4467391304347826 0.6424090338770388
3 0.7580163043478261 0.5840238393977415 0.7598119565217392 0.600612296110414 0.7975336956521739 0.5923186951066499 0.9376402173913043 0.5937001254705144 0.9957195652173914 0.596465495608532 0.9975152173913044 0.5881706398996236