2 0.4717391304347826 0.5809284818067754 0.3858695652173913 0.5947302383939774 0.3760869565217391 0.6010037641154329 0.375 0.6072772898368883 0.3793478260869565 0.6122961104140527 0.3978260869565217 0.6185696361355082 0.4543478260869565 0.6273525721455459 0.5836956521739131 0.6373902132998746 0.6097826086956522 0.6361355081555834 0.6086956521739131 0.6323713927227101 0.5771739130434783 0.6286072772898369 0.5141304347826087 0.6273525721455459 0.4260869565217391 0.617314930991217 0.4 0.6085319949811794 0.4 0.6022584692597239 0.4097826086956522 0.5972396486825596 0.4641304347826087 0.588456712672522 0.47391304347826085 0.5809284818067754
2 0.9934782608695653 0.5759096612296111 0.9293478260869565 0.5834378920953576 0.9152173913043479 0.589711417816813 0.9141304347826087 0.5959849435382685 0.925 0.6072772898368883 0.9369565217391305 0.6097867001254705 0.9271739130434783 0.5959849435382685 0.9326086956521739 0.588456712672522 0.9967391304347826 0.5809284818067754 0.9989130434782608 0.5759096612296111
0 0.4715804347826087 0.5833299874529485 0.4785467391304348 0.5836386449184442 0.4780108695652174 0.5847214554579674 0.4713119565217392 0.5856499372647428
0 0.48229782608695654 0.5807001254705144 0.4891304347826087 0.5813186951066499 0.4891304347826087 0.5831744040150565 0.48176195652173914 0.5841028858218318
0 0.49315 0.5799272271016311 0.5010543478260869 0.5796185696361356 0.5010543478260869 0.5822471769134253 0.4923456521739131 0.5811643663739021
0 0.5030630434782608 0.5783814303638646 0.5076184782608696 0.5783814303638646 0.5093597826086956 0.5810100376411543 0.5019913043478261 0.5810100376411543
0 0.509895652173913 0.577762860727729 0.515925 0.5776072772898369 0.5168630434782608 0.5791543287327479 0.5102978260869565 0.5791543287327479
0 0.5179347826086956 0.5762158092848181 0.5258391304347826 0.5754429109159347 0.5262402173913043 0.576525721455458 0.5176663043478261 0.577762860727729
1 0.5772478260869565 0.5900815558343789 0.643304347826087 0.591814303638645 0.6260391304347827 0.605245922208281 0.5374630434782609 0.6030790464240904 0.5716173913043479 0.591814303638645
1 0.6440554347826086 0.5931141781681305 0.7191195652173913 0.594414052697616 0.7243739130434782 0.6078444165621079 0.6260391304347827 0.605245922208281
3 0.004347826086956522 0.6311166875784191 0 0.6336260978670013 0 0.6976160602258469 0.24347826086956523 0.6637390213299874 0.3934782608695652 0.6549560853199499 0.5140402173913043 0.6549560853199499 0.6282608695652174 0.6624843161856964 0.7467391304347826 0.6775407779171895 0.8445652173913043 0.6963613550815558 0.9989130434782608 0.7352572145545797 0.9989130434782608 0.5771643663739021 0.9847826086956522 0.5734002509410289 0.8402173913043478 0.5909661229611042 0.8173913043478261 0.6148055207026348 0.7641304347826087 0.6210790464240903 0.6304347826086957 0.6223337515683814 0.4945652173913043 0.6122961104140527 0.4782608695652174 0.6072772898368883 0.46956521739130436 0.5959849435382685 0.46956521739130436 0.5846925972396487 0.41847826086956524 0.5846925972396487 0.4152173913043478 0.588456712672522 0.34347826086956523 0.5909661229611042
3 0.7629532608695653 0.5646173149309912 0.566304347826087 0.5683814303638645 0.5521739130434783 0.5784190715181933 0.5597826086956522 0.5821831869510665 0.5782608695652174 0.5821831869510665 0.5815217391304348 0.5859473023839398 0.5652173913043478 0.5959849435382685 0.5434782608695652 0.6022584692597239 0.7195652173913043 0.6085319949811794 0.7195652173913043 0.5947302383939774 0.7239130434782609 0.5909661229611042 0.8641304347826086 0.5759096612296111 0.8728260869565218 0.5708908406524467 0.7684782608695652 0.5646173149309912
3 0.36118260869565216 0.5903174404015057 0.46877826086956526 0.5976235884567127 0.5219423913043478 0.5844730238393977 0.5666684782608696 0.5839849435382685 0.5713097826086957 0.5649899623588457 0.4936728260869565 0.5732697616060226 0.3603391304347826 0.5864203262233375