0 0.4973958333333333 0.9444444444444444 0.49375 0.9990740740740741 0.5104166666666666 0.9990740740740741 0.5135416666666667 0.9416666666666667 0.5114583333333333 0.937962962962963 0.5 0.937962962962963
0 0.5041666666666667 0.8435185185185186 0.5041666666666667 0.8685185185185185 0.5182291666666666 0.8694444444444445 0.5223958333333333 0.812037037037037 0.521875 0.7981481481481482 0.5083333333333333 0.7972222222222223
0 0.5135416666666667 0.7129629629629629 0.5135416666666667 0.7351851851851852 0.5161458333333333 0.7379629629629629 0.5260416666666666 0.7379629629629629 0.5276041666666667 0.7342592592592593 0.5302083333333333 0.687962962962963 0.5286458333333334 0.6768518518518518 0.5166666666666667 0.6777777777777778
0 0.5213541666666667 0.6101851851851852 0.5208333333333334 0.6194444444444445 0.5229166666666667 0.6268518518518519 0.5333333333333333 0.6259259259259259 0.5364583333333334 0.5861111111111111 0.5354166666666667 0.575925925925926 0.5244791666666667 0.5768518518518518
0 0.5286458333333334 0.5083333333333333 0.528125 0.5296296296296297 0.5317708333333333 0.5324074074074074 0.5390625 0.5305555555555556 0.5421875 0.4898148148148148 0.540625 0.48703703703703705 0.5307291666666667 0.487962962962963
0 0.534375 0.43148148148148147 0.534375 0.44722222222222224 0.5432291666666667 0.44907407407407407 0.5453125 0.44166666666666665 0.546875 0.4111111111111111 0.5375 0.4101851851851852
0 0.5395833333333333 0.35648148148148145 0.5390625 0.3731481481481482 0.5489583333333333 0.37407407407407406 0.5510416666666667 0.3416666666666667 0.5411458333333333 0.3416666666666667
0 0.5447916666666667 0.2851851851851852 0.54375 0.3074074074074074 0.553125 0.3074074074074074 0.5546875 0.2796296296296296 0.5463541666666667 0.27870370370370373
0 0.5479166666666667 0.2388888888888889 0.5484375 0.25092592592592594 0.5567708333333333 0.25 0.5583333333333333 0.225 0.55 0.225
0 0.5552083333333333 0.13796296296296295 0.5546875 0.15185185185185185 0.5630208333333333 0.15092592592592594 0.5645833333333333 0.13796296296296295 0.5635416666666667 0.13055555555555556 0.5567708333333333 0.13055555555555556
0 0.5520833333333334 0.1787037037037037 0.5520833333333334 0.19814814814814816 0.5598958333333334 0.19814814814814816 0.5614583333333333 0.175 0.5536458333333333 0.175
0 0.5583333333333333 0.09537037037037037 0.5578125 0.10833333333333334 0.5604166666666667 0.1111111111111111 0.5651041666666666 0.10925925925925926 0.5671875 0.09166666666666666 0.5598958333333334 0.09074074074074075
0 0.5604166666666667 0.05925925925925926 0.5604166666666667 0.0712962962962963 0.5682291666666667 0.07037037037037037 0.5692708333333333 0.05555555555555555 0.5677083333333334 0.05277777777777778 0.5625 0.053703703703703705
0 0.5630208333333333 0.027777777777777776 0.5625 0.03611111111111111 0.5703125 0.03611111111111111 0.5713541666666667 0.022222222222222223 0.5661458333333333 0.019444444444444445
0 0.5729166666666666 0 0.565625 0 0.565625 0.004629629629629629 0.5713541666666667 0.004629629629629629
3 0.10714270833333334 0.9973546296296296 0.945684375 0.9973546296296296 0.8377973958333332 0.44047592592592594 0.9985119791666667 0.42460277777777783 0.9994791666666667 0 0.40029739583333335 0.0013231481481481482