3 0.2947916666666667 0 0.2947916666666667 0.012037037037037037 0.2911458333333333 0.027777777777777776 0.2921875 0.05925925925925926 0.2942708333333333 0.06481481481481481 0.3390625 0.0787037037037037 0.3776041666666667 0.1037037037037037 0.39479166666666665 0.12407407407407407 0.40572916666666664 0.14444444444444443 0.409375 0.1648148148148148 0.4119791666666667 0.1685185185185185 0.41822916666666665 0.1638888888888889 0.42083333333333334 0.17685185185185184 0.409375 0.18703703703703703 0.39947916666666666 0.21944444444444444 0.3020833333333333 0.4564814814814815 0.28489583333333335 0.487962962962963 0.2552083333333333 0.5305555555555556 0.20260416666666667 0.5879629629629629 0.14322916666666666 0.6388888888888888 0.08802083333333334 0.6777777777777778 0 0.725 0 0.9990740740740741 0.9994791666666667 0.9990740740740741 0.9994791666666667 0.9138888888888889 0.959375 0.887962962962963 0.9052083333333333 0.8472222222222222 0.8588541666666667 0.8055555555555556 0.8 0.7425925925925926 0.7588541666666667 0.687037037037037 0.7375 0.6509259259259259 0.7197916666666667 0.6157407407407407 0.7057291666666666 0.5796296296296296 0.6958333333333333 0.5462962962962963 0.6911458333333333 0.5203703703703704 0.6880208333333333 0.48518518518518516 0.6916666666666667 0.3 0.6953125 0.21666666666666667 0.7020833333333333 0.19166666666666668 0.7098958333333333 0.175 0.7239583333333334 0.15462962962962962 0.74375 0.13425925925925927 0.7463541666666667 0.10092592592592593 0.746875 0.05555555555555555 0.7411458333333333 0.03981481481481482 0.7479166666666667 0.03425925925925926 0.7494791666666667 0.017592592592592594 0.7484375 0
0 0.4109375 0.17592592592592593 0.41041666666666665 0.1824074074074074 0.41458333333333336 0.1814814814814815 0.425 0.1648148148148148 0.41822916666666665 0.1648148148148148
0 0.43385416666666665 0.1425925925925926 0.4317708333333333 0.15 0.4390625 0.14722222222222223 0.44635416666666666 0.13425925925925927 0.4401041666666667 0.13518518518518519
0 0.4552083333333333 0.11851851851851852 0.45625 0.12129629629629629 0.46145833333333336 0.12037037037037036 0.471875 0.10833333333333334 0.4661458333333333 0.10740740740740741
0 0.4822916666666667 0.09259259259259259 0.4817708333333333 0.09537037037037037 0.4869791666666667 0.09537037037037037 0.49947916666666664 0.08425925925925926 0.4947916666666667 0.0824074074074074
2 0.4921875 0.4398148148148148 0.49166666666666664 0.44722222222222224 0.49322916666666666 0.45 0.4973958333333333 0.45 0.5010416666666667 0.44351851851851853 0.55 0.21666666666666667 0.559375 0.18981481481481483 0.5703125 0.1685185185185185 0.6015625 0.12685185185185185 0.640625 0.09444444444444444 0.6859375 0.06851851851851852 0.7479166666666667 0.046296296296296294 0.7505208333333333 0.03981481481481482 0.7328125 0.04259259259259259 0.6885416666666667 0.05925925925925926 0.6369791666666667 0.08796296296296297 0.6015625 0.11574074074074074 0.5651041666666666 0.16111111111111112 0.55 0.18981481481481483 0.5369791666666667 0.23148148148148148
0 0.5104166666666666 0.07037037037037037 0.5114583333333333 0.07407407407407407 0.5151041666666667 0.07314814814814814 0.5286458333333334 0.06296296296296296 0.5229166666666667 0.06111111111111111
0 0.5427083333333333 0.049074074074074076 0.5427083333333333 0.05277777777777778 0.5453125 0.05277777777777778 0.5598958333333334 0.04351851851851852 0.5572916666666666 0.041666666666666664
0 0.5755208333333334 0.03148148148148148 0.5744791666666667 0.03518518518518519 0.578125 0.03611111111111111 0.5921875 0.02962962962962963 0.5927083333333333 0.025925925925925925
0 0.6098958333333333 0.016666666666666666 0.6078125 0.018518518518518517 0.6192708333333333 0.018518518518518517 0.6270833333333333 0.012037037037037037
0 0.6432291666666666 0.003703703703703704 0.6484375 0.007407407407407408 0.6640625 0 0.6489583333333333 0
0 0.9625 0.017592592592592594 0.9635416666666666 0.021296296296296296 0.9708333333333333 0.022222222222222223 0.9802083333333333 0.022222222222222223 0.98125 0.018518518518518517
1 0.7916666666666666 0.1772490740740741 0.8013390625 0.28439166666666665 0.9994791666666667 0.2910055555555556 0.9994791666666667 0.18783055555555556
1 0.8020833333333334 0.28042314814814817 0.8154760416666667 0.41402129629629625 0.9985119791666667 0.42724907407407403 0.9994791666666667 0.2910055555555556
2 0.7635416666666667 0.03425925925925926 0.7630208333333334 0.03888888888888889 0.7661458333333333 0.03981481481481482 0.8234375 0.028703703703703703 0.8791666666666667 0.023148148148148147 0.9338541666666667 0.023148148148148147 0.9432291666666667 0.022222222222222223 0.9442708333333333 0.018518518518518517 0.8552083333333333 0.018518518518518517
3 0.7635416666666667 0.05277777777777778 0.7651041666666667 0.06574074074074074 0.7635416666666667 0.07037037037037037 0.7645833333333333 0.07314814814814814 0.7619791666666667 0.07685185185185185 0.7619791666666667 0.11018518518518519 0.7645833333333333 0.1175925925925926 0.8401041666666667 0.08981481481481482 0.9041666666666667 0.07962962962962963 0.9151041666666667 0.08055555555555556 0.9182291666666667 0.07777777777777778 0.9286458333333333 0.0787037037037037 0.9286458333333333 0.07592592592592592 0.934375 0.0712962962962963 0.9421875 0.07037037037037037 0.9442708333333333 0.07777777777777778 0.9473958333333333 0.08055555555555556 0.9958333333333333 0.07962962962962963 0.9994791666666667 0.0787037037037037 0.9994791666666667 0 0.7671875 0 0.765625 0.027777777777777776 0.7671875 0.041666666666666664 0.7645833333333333 0.044444444444444446
1 0.8169640625 0.41931203703703707 0.8325890625 0.5925925925925926 0.9985119791666667 0.6124342592592592 0.9977677083333333 0.4338620370370371
3 0.7942708333333334 0.1814814814814815 0.79375 0.19814814814814816 0.8052083333333333 0.3296296296296296 0.8322916666666667 0.5898148148148148 0.8432291666666667 0.5953703703703703 0.9078125 0.6 0.9994791666666667 0.612037037037037 0.9994791666666667 0.18796296296296297 0.8661458333333333 0.1814814814814815