0 0.41822916666666665 0.9037037037037037 0.39427083333333335 0.9388888888888889 0.39479166666666665 0.9425925925925925 0.4010416666666667 0.9462962962962963 0.4083333333333333 0.9416666666666667 0.4322916666666667 0.9083333333333333 0.43385416666666665 0.9009259259259259 0.425 0.8981481481481481
0 0.4484375 0.8574074074074074 0.4473958333333333 0.862037037037037 0.4510416666666667 0.8657407407407407 0.46041666666666664 0.8629629629629629 0.48072916666666665 0.8268518518518518 0.47708333333333336 0.8231481481481482 0.46770833333333334 0.825
0 0.4942708333333333 0.7694444444444445 0.4869791666666667 0.7898148148148149 0.4953125 0.7925925925925926 0.5020833333333333 0.7870370370370371 0.5140625 0.7564814814814815 0.5098958333333333 0.7537037037037037 0.5015625 0.7555555555555555
0 0.5151041666666667 0.7175925925925926 0.5161458333333333 0.725 0.5276041666666667 0.7231481481481481 0.5375 0.6925925925925925 0.5354166666666667 0.6898148148148148 0.5239583333333333 0.6916666666666667
0 0.5348958333333333 0.6481481481481481 0.5333333333333333 0.6620370370370371 0.54375 0.6620370370370371 0.55 0.6453703703703704 0.5505208333333333 0.6361111111111111 0.5401041666666667 0.6351851851851852
0 0.54375 0.5425925925925926 0.5432291666666667 0.5564814814814815 0.5453125 0.562037037037037 0.5515625 0.562962962962963 0.5567708333333333 0.5583333333333333 0.5567708333333333 0.5425925925925926 0.5552083333333333 0.5398148148148149 0.5484375 0.5388888888888889
0 0.5380208333333333 0.5027777777777778 0.5401041666666667 0.5185185185185185 0.5463541666666667 0.5203703703703704 0.5526041666666667 0.5166666666666667 0.55 0.5 0.5447916666666667 0.4981481481481482
0 0.528125 0.46574074074074073 0.5270833333333333 0.4703703703703704 0.5328125 0.48333333333333334 0.5432291666666667 0.4777777777777778 0.5401041666666667 0.4675925925925926 0.5359375 0.46296296296296297
0 0.5145833333333333 0.43333333333333335 0.5125 0.4388888888888889 0.51875 0.45 0.525 0.45 0.5296875 0.44537037037037036 0.5223958333333333 0.4324074074074074
0 0.49583333333333335 0.4064814814814815 0.4942708333333333 0.4074074074074074 0.4953125 0.412962962962963 0.5015625 0.4212962962962963 0.5109375 0.41759259259259257 0.5046875 0.4064814814814815
0 0.44895833333333335 0.3638888888888889 0.44947916666666665 0.3675925925925926 0.45677083333333335 0.36944444444444446 0.4552083333333333 0.362962962962963
0 0.4234375 0.34629629629629627 0.421875 0.34814814814814815 0.43125 0.35555555555555557 0.4432291666666667 0.35185185185185186 0.4322916666666667 0.3435185185185185
0 0.3953125 0.3314814814814815 0.39427083333333335 0.33425925925925926 0.4041666666666667 0.3398148148148148 0.41510416666666666 0.33611111111111114 0.40625 0.3296296296296296
0 0.36614583333333334 0.3194444444444444 0.36666666666666664 0.32314814814814813 0.37552083333333336 0.32685185185185184 0.3854166666666667 0.32407407407407407 0.3848958333333333 0.32037037037037036 0.37916666666666665 0.3175925925925926
0 0.33489583333333334 0.30925925925925923 0.33489583333333334 0.31296296296296294 0.34375 0.31574074074074077 0.3541666666666667 0.3111111111111111 0.34375 0.30648148148148147
0 0.3098958333333333 0.3055555555555556 0.3145833333333333 0.30833333333333335 0.3223958333333333 0.30277777777777776 0.31979166666666664 0.3
0 0.17395833333333333 0.29259259259259257 0.1734375 0.2962962962962963 0.184375 0.2962962962962963 0.19010416666666666 0.29444444444444445 0.19166666666666668 0.2898148148148148 0.18125 0.287962962962963
0 0.13697916666666668 0.29259259259259257 0.13489583333333333 0.2962962962962963 0.1515625 0.2962962962962963 0.159375 0.2898148148148148 0.14322916666666666 0.28888888888888886
0 0.09635416666666667 0.2962962962962963 0.09479166666666666 0.3 0.10677083333333333 0.3 0.11979166666666667 0.29259259259259257 0.10729166666666666 0.2916666666666667
0 0.05364583333333333 0.30277777777777776 0.05520833333333333 0.3055555555555556 0.065625 0.30462962962962964 0.07552083333333333 0.3 0.07708333333333334 0.2962962962962963 0.06145833333333333 0.2962962962962963
0 0.010416666666666666 0.30925925925925923 0.011458333333333333 0.31296296296296294 0.024479166666666666 0.3111111111111111 0.035416666666666666 0.30277777777777776 0.021875 0.30277777777777776
2 0.54375 0.5768518518518518 0.5390625 0.6268518518518519 0.5458333333333333 0.6324074074074074 0.5630208333333333 0.6240740740740741 0.6276041666666666 0.612037037037037 0.7401041666666667 0.6037037037037037 0.9994791666666667 0.6166666666666667 0.9994791666666667 0.6046296296296296 0.68125 0.5907407407407408 0.6088541666666667 0.5814814814814815 0.55 0.5666666666666667 0.5458333333333333 0.5694444444444444
2 0.19270833333333334 0.2898148148148148 0.19166666666666668 0.29259259259259257 0.1953125 0.2962962962962963 0.31197916666666664 0.3074074074074074 0.3494791666666667 0.262037037037037 0.3885416666666667 0.23055555555555557 0.42239583333333336 0.2111111111111111 0.6432291666666666 0.12685185185185185 0.6890625 0.10555555555555556 0.6578125 0.11296296296296296
3 0.004166666666666667 0.30277777777777776 0 0.3055555555555556 0 0.3712962962962963 0.071875 0.36203703703703705 0.16802083333333334 0.36203703703703705 0.21458333333333332 0.3685185185185185 0.240625 0.37592592592592594 0.28541666666666665 0.3962962962962963 0.3255208333333333 0.43148148148148147 0.34427083333333336 0.462037037037037 0.3536458333333333 0.4861111111111111 0.35572916666666665 0.5416666666666666 0.3484375 0.5833333333333334 0.32916666666666666 0.6351851851851852 0.3046875 0.6796296296296296 0.2635416666666667 0.737037037037037 0.20625 0.8009259259259259 0.1234375 0.875 0.06614583333333333 0.9166666666666666 0 0.9583333333333334 0 0.9990740740740741 0.3453125 0.9990740740740741 0.3890625 0.9564814814814815 0.4010416666666667 0.9388888888888889 0.4010416666666667 0.9324074074074075 0.42135416666666664 0.925 0.4265625 0.9268518518518518 0.4354166666666667 0.9148148148148149 0.44166666666666665 0.9138888888888889 0.44583333333333336 0.9074074074074074 0.5015625 0.8722222222222222 0.5859375 0.8324074074074074 0.6677083333333333 0.8092592592592592 0.7338541666666667 0.8027777777777778 0.7895833333333333 0.8018518518518518 0.9994791666666667 0.8175925925925925 0.9994791666666667 0.4722222222222222 0.9817708333333334 0.4685185185185185 0.88125 0.4685185185185185 0.8635416666666667 0.4648148148148148 0.6723958333333333 0.4601851851851852 0.59375 0.44722222222222224 0.5385416666666667 0.42962962962962964 0.4953125 0.40925925925925927 0.4942708333333333 0.40370370370370373 0.48385416666666664 0.39814814814814814 0.4625 0.37777777777777777 0.4583333333333333 0.37222222222222223 0.45625 0.36203703703703705 0.446875 0.3592592592592593 0.44166666666666665 0.34814814814814815 0.43854166666666666 0.32222222222222224 0.4453125 0.29259259259259257 0.465625 0.26296296296296295 0.4822916666666667 0.2490740740740741 0.5010416666666667 0.2351851851851852 0.5286458333333334 0.2212962962962963 0.5401041666666667 0.21944444444444444 0.5682291666666667 0.2064814814814815 0.5734375 0.19907407407407407 0.5875 0.19907407407407407 0.6088541666666667 0.18888888888888888 0.609375 0.18518518518518517 0.6244791666666667 0.1787037037037037 0.6369791666666667 0.17777777777777778 0.6401041666666667 0.17222222222222222 0.6505208333333333 0.16944444444444445 0.6536458333333334 0.16203703703703703 0.6677083333333333 0.16296296296296298 0.6765625 0.15925925925925927 0.6822916666666666 0.15185185185185185 0.6994791666666667 0.14814814814814814 0.7078125 0.1398148148148148 0.7203125 0.1361111111111111 0.7317708333333334 0.12314814814814815 0.7354166666666667 0.1259259259259259 0.7328125 0.11574074074074074 0.734375 0.11203703703703703 0.7260416666666667 0.11203703703703703 0.7229166666666667 0.11574074074074074 0.7130208333333333 0.09814814814814815 0.7140625 0.09444444444444444 0.7067708333333333 0.09537037037037037 0.6942708333333333 0.08333333333333333 0.6567708333333333 0.08425925925925926 0.653125 0.08703703703703704 0.653125 0.09074074074074075 0.6354166666666666 0.09907407407407408 0.6088541666666667 0.09814814814814815 0.5588541666666667 0.11296296296296296 0.5557291666666667 0.11574074074074074 0.5541666666666667 0.12407407407407407 0.5454859375000001 0.125 0.5395833333333333 0.12037037037037036 0.5296875 0.12407407407407407 0.5229166666666667 0.1398148148148148 0.5005208333333333 0.1388888888888889 0.4947916666666667 0.13518518518518519 0.4744791666666667 0.14074074074074075 0.27395833333333336 0.21203703703703702 0.14270833333333333 0.25462962962962965 0.13177083333333334 0.262037037037037 0.11927083333333334 0.26296296296296295
3 0.48660729166666666 0.1362435185185185 0.5178572916666666 0.23148148148148148 0.789434375 0.11243425925925926 0.8526786458333333 0.1005287037037037 0.859375 0.005290740740740741