3 0.2265625 0.24444444444444444 0.23072916666666668 0.2518518518518518 0.2625 0.262037037037037 0.31354166666666666 0.2935185185185185 0.3296875 0.30833333333333335 0.3536458333333333 0.3388888888888889 0.3692708333333333 0.36944444444444446 0.37916666666666665 0.39814814814814814 0.3859375 0.44907407407407407 0.3854166666666667 0.47129629629629627 0.38697916666666665 0.475 0.39010416666666664 0.4740740740740741 0.39166666666666666 0.49074074074074076 0.38333333333333336 0.4925925925925926 0.3651041666666667 0.5675925925925925 0.35052083333333334 0.6018518518518519 0.33177083333333335 0.6592592592592592 0.32083333333333336 0.6851851851851852 0.29010416666666666 0.7759259259259259 0.28541666666666665 0.7842592592592592 0.2755208333333333 0.8166666666666667 0.23802083333333332 0.9175925925925926 0.23385416666666667 0.9351851851851852 0.22291666666666668 0.9601851851851851 0.21927083333333333 0.9731481481481481 0.21927083333333333 0.9805555555555555 0.2265625 0.9944444444444445 0.24166666666666667 0.9990740740740741 0.5098958333333333 0.9990740740740741 0.5395833333333333 0.8277777777777777 0.5744791666666667 0.6027777777777777 0.5875 0.5453703703703704 0.6 0.5046296296296297 0.6135416666666667 0.4703703703703704 0.6322916666666667 0.4324074074074074 0.6604166666666667 0.3888888888888889 0.6885416666666667 0.35462962962962963 0.7171875 0.32685185185185184 0.7723958333333333 0.2861111111111111 0.828125 0.2574074074074074 0.8703125 0.24166666666666667 0.9442708333333333 0.22314814814814815 0.9994791666666667 0.21666666666666667 0.9994791666666667 0.1259259259259259 0.975 0.12222222222222222 0.9369791666666667 0.12777777777777777 0.91875 0.11944444444444445 0.8953125 0.1259259259259259 0.859375 0.11666666666666667 0.5885416666666666 0.10092592592592593 0.5864583333333333 0.13518518518518519 0.5880208333333333 0.1425925925925926 0.5869791666666667 0.22314814814814815 0.5880208333333333 0.2351851851851852 0.5921875 0.24722222222222223 0.5875 0.2518518518518518 0.5869791666666667 0.2935185185185185 0.584375 0.29907407407407405 0.5776041666666667 0.3037037037037037 0.5260416666666666 0.3 0.5135416666666667 0.3138888888888889 0.5109375 0.30648148148148147 0.5119791666666667 0.30185185185185187 0.5036458333333333 0.30092592592592593 0.4921875 0.2935185185185185 0.4875 0.2796296296296296 0.48385416666666664 0.22777777777777777 0.48385416666666664 0.18703703703703703 0.4817708333333333 0.175 0.48072916666666665 0.1037037037037037 0.47708333333333336 0.09259259259259259 0.26510416666666664 0.07685185185185185 0.25416666666666665 0.08518518518518518 0.2526041666666667 0.09814814814814815 0.25364583333333335 0.13703703703703704 0.2515625 0.1388888888888889 0.25 0.15462962962962962 0.2515625 0.19074074074074074 0.2484375 0.21296296296296297 0.23229166666666667 0.23981481481481481
2 0.9947916666666666 0.21851851851851853 0.925 0.22685185185185186 0.8859375 0.23703703703703705 0.8447916666666667 0.25092592592592594 0.7895833333333333 0.27685185185185185 0.7583333333333333 0.2953703703703704 0.7177083333333333 0.32685185185185184 0.6848958333333334 0.35833333333333334 0.6473958333333333 0.4074074074074074 0.6322916666666667 0.4324074074074074 0.6151041666666667 0.4666666666666667 0.5984375 0.5083333333333333 0.5880208333333333 0.5435185185185185 0.5739583333333333 0.612037037037037 0.5119791666666667 0.9990740740740741 0.5244791666666667 0.9990740740740741 0.5260416666666666 0.9944444444444445 0.5755208333333334 0.6694444444444444 0.59375 0.5657407407407408 0.6010416666666667 0.5361111111111111 0.6151041666666667 0.49444444444444446 0.6276041666666666 0.4648148148148148 0.6458333333333334 0.4305555555555556 0.665625 0.3990740740740741 0.7010416666666667 0.35648148148148145 0.7390625 0.3212962962962963 0.7869791666666667 0.287962962962963 0.8145833333333333 0.27314814814814814 0.8645833333333334 0.2518518518518518 0.9390625 0.2324074074074074 0.9994791666666667 0.225 0.9994791666666667 0.22037037037037038 0.9953125 0.21944444444444444
0 0.40208333333333335 0.45555555555555555 0.38645833333333335 0.4842592592592593 0.38697916666666665 0.4898148148148148 0.39375 0.4888888888888889 0.4083333333333333 0.4601851851851852 0.40625 0.45555555555555555
0 0.43854166666666666 0.3962962962962963 0.421875 0.4203703703703704 0.42135416666666664 0.425 0.42864583333333334 0.425 0.4432291666666667 0.4009259259259259 0.4427083333333333 0.3962962962962963
0 0.47708333333333336 0.34444444444444444 0.46927083333333336 0.35185185185185186 0.4583333333333333 0.36944444444444446 0.4625 0.37222222222222223 0.4666666666666667 0.37037037037037035 0.4817708333333333 0.35 0.48125 0.3453703703703704 0.478125 0.34444444444444444
0 0.5182291666666666 0.30092592592592593 0.5072916666666667 0.3101851851851852 0.4979166666666667 0.32222222222222224 0.5052083333333334 0.32314814814814813 0.5223958333333333 0.3037037037037037 0.5192708333333333 0.30092592592592593
0 0.603125 0.23148148148148148 0.5885416666666666 0.24074074074074073 0.5854166666666667 0.24722222222222223 0.5885416666666666 0.2490740740740741 0.6057291666666667 0.23703703703703705 0.6078125 0.23425925925925925 0.60625 0.23148148148148148
0 0.6473958333333333 0.2037037037037037 0.6265625 0.21666666666666667 0.6286458333333333 0.21944444444444444 0.6338541666666667 0.21944444444444444 0.6515625 0.20925925925925926 0.653125 0.2064814814814815 0.6515625 0.2037037037037037
0 0.6942708333333333 0.1814814814814815 0.6734375 0.1925925925925926 0.6786458333333333 0.19537037037037036 0.6921875 0.18981481481481483 0.6994791666666667 0.18611111111111112 0.6989583333333333 0.1814814814814815
0 0.7432291666666667 0.16203703703703703 0.721875 0.1712962962962963 0.7239583333333334 0.17407407407407408 0.7296875 0.17314814814814813 0.7479166666666667 0.16574074074074074 0.7473958333333334 0.16203703703703703
0 0.7942708333333334 0.14629629629629629 0.7713541666666667 0.15462962962962962 0.7723958333333333 0.1574074074074074 0.7770833333333333 0.1574074074074074 0.796875 0.15185185185185185 0.7989583333333333 0.15 0.796875 0.14629629629629629
0 0.846875 0.13518518518518519 0.825 0.1388888888888889 0.8229166666666666 0.14166666666666666 0.8265625 0.14444444444444443 0.8411458333333334 0.14166666666666666 0.8484375 0.1398148148148148 0.8510416666666667 0.13703703703703704 0.8494791666666667 0.13518518518518519
0 0.9010416666666666 0.12685185185185185 0.8765625 0.12962962962962962 0.8760416666666667 0.13333333333333333 0.9010416666666666 0.13240740740740742 0.9046875 0.13055555555555556 0.9041666666666667 0.12685185185185185
3 0.5291666666666667 0.9722222222222222 0.5260416666666666 0.9944444444444445 0.5276041666666667 0.9990740740740741 0.8317708333333333 0.9990740740740741 0.8333333333333334 0.9907407407407407 0.8192708333333333 0.6370370370370371 0.8203125 0.5879629629629629 0.8260416666666667 0.549074074074074 0.8421875 0.49722222222222223 0.8635416666666667 0.4583333333333333 0.8854166666666666 0.4305555555555556 0.9114583333333334 0.40555555555555556 0.9395833333333333 0.3851851851851852 0.9994791666666667 0.35833333333333334 0.9994791666666667 0.225 0.9479166666666666 0.23055555555555557 0.8932291666666666 0.24351851851851852 0.865625 0.2518518518518518 0.8057291666666667 0.2777777777777778 0.7791666666666667 0.29259259259259257 0.7234375 0.33425925925925926 0.6822916666666666 0.37592592592592594 0.6541666666666667 0.41574074074074074 0.6286458333333333 0.46111111111111114 0.6114583333333333 0.5027777777777778 0.5927083333333333 0.5703703703703704
0 0.9572916666666667 0.12129629629629629 0.9322916666666666 0.12222222222222222 0.93125 0.1259259259259259 0.9583333333333334 0.1259259259259259 0.9609375 0.12314814814814815 0.9598958333333333 0.12129629629629629
3 0.9645833333333333 0.5324074074074074 0.9765625 0.6111111111111112 0.9875 0.6638888888888889 0.9963541666666667 0.6398148148148148 0.9994791666666667 0.6370370370370371 0.9994791666666667 0.5370370370370371