2 0.4282608695652174 0.5922208281053952 0.38369565217391305 0.6022584692597239 0.3282608695652174 0.6085319949811794 0.27391304347826084 0.6223337515683814 0.2565217391304348 0.6323713927227101 0.24891304347826088 0.6474278544542033 0.25869565217391305 0.6599749058971142 0.28695652173913044 0.6750313676286073 0.38369565217391305 0.7001254705144291 0.5478260869565217 0.7227101631116688 0.5967391304347827 0.726474278544542 0.6141304347826086 0.7239648682559598 0.6086956521739131 0.7189460476787954 0.4945652173913043 0.7089084065244667 0.35108695652173916 0.685069008782936 0.28369565217391307 0.6624843161856964 0.2673913043478261 0.6524466750313677 0.26304347826086955 0.64366373902133 0.2684782608695652 0.6336260978670013 0.2902173913043478 0.6223337515683814 0.32608695652173914 0.6122961104140527 0.34347826086956523 0.6122961104140527 0.4358695652173913 0.5934755332496863 0.42934782608695654 0.5922208281053952
0 0.4370217391304348 0.5930840652446675 0.4415086956521739 0.5932760351317441 0.4408434782608696 0.5921254705144291 0.4332 0.5905909661229611 0.4333663043478261 0.5927013801756587
0 0.44798913043478256 0.5927013801756587 0.45679565217391305 0.591741530740276 0.45662934782608694 0.5894404015056461 0.4494847826086957 0.5890564617314931 0.4469923913043478 0.5909749058971142
0 0.4621130434782609 0.5890564617314931 0.46776304347826086 0.5884805520702635 0.46925869565217393 0.5879058971141782 0.46826195652173913 0.5861794228356336 0.4639413043478261 0.5863713927227102
0 0.47457608695652176 0.5856035131744041 0.4823858695652174 0.5856035131744041 0.48271847826086955 0.5827264742785445 0.4759054347826087 0.5842609786700126
0 0.4877032608695652 0.5854115432873275 0.49385108695652175 0.5848368883312421 0.4936858695652174 0.5831104140526976 0.4885336956521739 0.5831104140526976 0.48720434782608696 0.5834943538268507
0 0.49739130434782614 0.5831869510664994 0.5026086956521739 0.583814303638645 0.5046739130434783 0.5819322459222083 0.5021739130434782 0.5801756587202007 0.4977173913043478 0.5806775407779172
0 0.5070652173913044 0.5806775407779172 0.5125 0.5813048933500627 0.5134782608695652 0.5794228356336261 0.51 0.5791718946047679 0.5078260869565218 0.5791718946047679
0 0.5259782608695652 0.5797992471769134 0.5290217391304348 0.5789209535759097 0.5272826086956522 0.5766624843161857 0.5235869565217391 0.5764115432873275 0.5227173913043478 0.578168130489335 0.5244565217391305 0.5799247176913426 0.5252173913043479 0.5799247176913426
0 0.5307608695652174 0.5771643663739021 0.5369565217391304 0.576913425345044 0.5357608695652174 0.5749058971141782 0.5318478260869566 0.5742785445420326
0 0.5434782608695652 0.5767879548306148 0.5479347826086957 0.5759096612296111 0.5473913043478261 0.572396486825596 0.5435869565217392 0.5727728983688833
0 0.5536728260869566 0.5732509410288582 0.5581282608695651 0.5740414052697617 0.5584717391304348 0.5722609786700126 0.5547010869565218 0.5702835633626098
0 0.563441304347826 0.5718657465495608 0.5673826086956522 0.5724592220828105 0.567725 0.5712722710163112 0.5656684782608695 0.5687013801756587 0.563441304347826 0.5702835633626098
1 0.5682173913043478 0.6031154328732747 0.6542206521739131 0.6054102885821832 0.6313521739130435 0.6352509410288583 0.4991163043478261 0.6277904642409033
1 0.6552141304347826 0.6054102885821832 0.6298608695652174 0.6369723964868256 0.7834739130434784 0.6421367628607277 0.7541423913043479 0.6088531994981179
3 0.6041065217391305 0.5683814303638645 0.5217391304347826 0.5708908406524467 0.48043478260869565 0.5796737766624843 0.41739130434782606 0.5846925972396487 0.3847826086956522 0.5922208281053952 0 0.6424090338770388 0 0.8368883312421581 0.1532608695652174 0.8281053952321205 0.3391304347826087 0.8331242158092849 0.46304347826086956 0.848180677540778 0.5380434782608695 0.8619824341279799 0.7456521739130435 0.917189460476788 0.9989130434782608 0.917189460476788 0.9989130434782608 0.5834378920953576 0.9510869565217391 0.5859473023839398 0.908695652173913 0.6010037641154329 0.9065217391304348 0.6085319949811794 0.9152173913043479 0.6198243412797992 0.9326086956521739 0.6373902132998746 0.9434782608695652 0.6424090338770388 0.9434782608695652 0.6499372647427855 0.9326086956521739 0.657465495608532 0.8967391304347826 0.6662484316185696 0.8293478260869566 0.6737766624843162 0.7923913043478261 0.6725219573400251 0.7434782608695653 0.6775407779171895 0.525 0.6637390213299874 0.44021739130434784 0.6499372647427855 0.4108695652173913 0.6398996235884568 0.40108695652173915 0.6298619824341279 0.40217391304347827 0.6223337515683814 0.4076086956521739 0.617314930991217 0.4315217391304348 0.6085319949811794 0.5260869565217391 0.5909661229611042 0.5782608695652174 0.5947302383939774 0.5641304347826087 0.6060225846925973 0.5434782608695652 0.6110414052697616 0.5130434782608696 0.6260978670012547 0.6260869565217392 0.6348808030112923 0.630279347826087 0.636069008782936 0.6330836956521739 0.6362659974905897 0.6347826086956522 0.6361355081555834 0.7630434782608696 0.6386449184441656 0.7728260869565218 0.6348808030112923 0.7554347826086957 0.6110414052697616 0.7576086956521739 0.6060225846925973 0.8630434782608696 0.589711417816813 0.8869565217391304 0.5809284818067754 0.9206521739130434 0.5809284818067754 0.9152173913043479 0.5759096612296111 0.8586956521739131 0.5708908406524467 0.6097826086956522 0.5683814303638645