2 0 0.6750313676286073 0 0.6838143036386449 0.04021739130434782 0.6913425345043914 0.08369565217391305 0.7051442910915935 0.1108695652173913 0.7164366373902133 0.15434782608695652 0.7440401505646174 0.19021739130434784 0.7816813048933501 0.2076086956521739 0.8105395232120451 0.225 0.8544542032622334 0.23695652173913043 0.918444165621079 0.2826086956521739 0.918444165621079 0.2717391304347826 0.8707653701380176 0.25217391304347825 0.823086574654956 0.23043478260869565 0.7879548306148055 0.19021739130434784 0.7465495608531995 0.14782608695652175 0.7189460476787954 0.1108695652173913 0.7026348808030113 0.07717391304347826 0.6913425345043914 0.0010869565217391304 0.6750313676286073
0 0.45652173913043476 0.6511919698870765 0.4467391304347826 0.6537013801756587 0.46630434782608693 0.657465495608532 0.4717391304347826 0.6549560853199499 0.46304347826086956 0.6511919698870765
0 0.4891304347826087 0.6562107904642409 0.4815217391304348 0.657465495608532 0.4923913043478261 0.6612296110414053 0.5065217391304347 0.6599749058971142 0.4956521739130435 0.6562107904642409
0 0.5195652173913043 0.6624843161856964 0.533695652173913 0.6700125470514429 0.5456521739130434 0.6675031367628608 0.5293478260869565 0.6624843161856964
0 0.5603260869565218 0.6700125470514429 0.5521739130434783 0.671267252195734 0.5728260869565217 0.6775407779171895 0.5847826086956521 0.6750313676286073 0.5673913043478261 0.6700125470514429
0 0.591304347826087 0.6775407779171895 0.591304347826087 0.6813048933500627 0.6065217391304348 0.6875784190715182 0.6260869565217392 0.685069008782936 0.5989130434782609 0.6775407779171895
0 0.6380434782608696 0.6888331242158093 0.6315217391304347 0.6925972396486826 0.6521739130434783 0.7001254705144291 0.6684782608695652 0.698870765370138 0.6423913043478261 0.6888331242158093
0 0.6847826086956522 0.7026348808030113 0.6739130434782609 0.7063989962358845 0.6967391304347826 0.7176913425345044 0.717391304347826 0.7151819322459222 0.6869565217391305 0.7026348808030113
0 0.7358695652173913 0.7214554579673776 0.7260869565217392 0.7239648682559598 0.7543478260869565 0.7377666248431619 0.7782608695652173 0.7377666248431619 0.7782608695652173 0.7340025094102886 0.7434782608695653 0.7214554579673776
0 0.8021739130434783 0.7440401505646174 0.783695652173913 0.7478042659974906 0.8239130434782609 0.766624843161857 0.8489130434782609 0.7653701380175659 0.8467391304347827 0.7616060225846926 0.8032608695652174 0.7440401505646174
0 0.8722826086956522 0.7754077791718946 0.8543478260869565 0.7791718946047679 0.9065217391304348 0.8042659974905897 0.933695652173913 0.8017565872020075 0.8793478260869565 0.7754077791718946
0 0.9684782608695652 0.8180677540777918 0.9456521739130435 0.820577164366374 0.9456521739130435 0.8243412797992472 0.9989130434782608 0.8506900878293601 0.9989130434782608 0.8293601003764115 0.9728260869565217 0.8180677540777918
3 0.007608695652173913 0.6361355081555834 0 0.6373902132998746 0 0.9222082810539524 0.015217391304347827 0.918444165621079 0.9989130434782608 0.918444165621079 0.9989130434782608 0.6762860727728983 0.9945652173913043 0.6750313676286073 0.9173913043478261 0.6725219573400251 0.9043478260869565 0.6787954830614805 0.8978260869565218 0.6737766624843162 0.8326086956521739 0.6675031367628608 0.6282608695652174 0.6624843161856964 0.49782608695652175 0.6511919698870765 0.46630434782608693 0.6549560853199499 0.46304347826086956 0.6511919698870765 0.34782608695652173 0.6486825595984943 0.32065217391304346 0.64366373902133 0.29347826086956524 0.6461731493099122 0.2891304347826087 0.6398996235884568 0.266304347826087 0.644918444165621 0.2619565217391304 0.6398996235884568 0.24565217391304348 0.64366373902133 0.0641304347826087 0.6386449184441656 0.03260869565217391 0.6336260978670013