0 0.06576086956521739 0.6951066499372648 0.04673913043478261 0.698870765370138 0.014130434782608696 0.71267252195734 0.01847826086956522 0.7164366373902133 0.02608695652173913 0.7151819322459222 0.07173913043478261 0.6951066499372648
0 0.13152173913043477 0.6687578419071518 0.10326086956521739 0.6775407779171895 0.10108695652173913 0.6813048933500627 0.11739130434782609 0.6800501882057717 0.13804347826086957 0.6725219573400251 0.1391304347826087 0.6687578419071518
0 0.1815217391304348 0.6486825595984943 0.1608695652173913 0.657465495608532 0.17717391304347826 0.657465495608532 0.1891304347826087 0.6524466750313677 0.18804347826086956 0.6486825595984943
0 0.21956521739130436 0.6348808030112923 0.20434782608695654 0.6424090338770388 0.22065217391304348 0.6411543287327478 0.225 0.6348808030112923
0 0.24782608695652175 0.6248431618569636 0.2358695652173913 0.6286072772898369 0.23478260869565218 0.6323713927227101 0.24565217391304348 0.6311166875784191 0.25217391304347825 0.6260978670012547 0.24891304347826088 0.6260978670012547
0 0.26956521739130435 0.616060225846926 0.25869565217391305 0.6223337515683814 0.2728260869565217 0.6198243412797992 0.2728260869565217 0.616060225846926
0 0.2891304347826087 0.6085319949811794 0.2793478260869565 0.6148055207026348 0.2956521739130435 0.6085319949811794
0 0.30217391304347824 0.6035131744040151 0.3010869565217391 0.6047678795483061 0.2967391304347826 0.6047678795483061 0.2956521739130435 0.6060225846925973 0.2956521739130435 0.6085319949811794 0.30434782608695654 0.6060225846925973 0.3032608695652174 0.6035131744040151
0 0.3119565217391304 0.5997490589711418 0.30869565217391304 0.6022584692597239 0.30978260869565216 0.6035131744040151 0.3130434782608696 0.6035131744040151 0.31630434782608696 0.6010037641154329 0.3141304347826087 0.5997490589711418
0 0.3239130434782609 0.5947302383939774 0.31956521739130433 0.5984943538268507 0.32608695652173914 0.5984943538268507 0.3293478260869565 0.5947302383939774 0.33043478260869563 0.5947302383939774
0 0.3391304347826087 0.5909661229611042 0.33804347826086956 0.5922208281053952 0.33043478260869563 0.5934755332496863 0.3282608695652174 0.5947302383939774 0.3282608695652174 0.5972396486825596 0.33152173913043476 0.5972396486825596 0.3423913043478261 0.5909661229611042
2 0.9836956521739131 0.5834378920953576 0.9826086956521739 0.5846925972396487 0.9858695652173913 0.5872020075282308 0.9989130434782608 0.589711417816813 0.9989130434782608 0.5859473023839398 0.9880434782608696 0.5834378920953576
2 0.9184782608695652 0.7628607277289837 0.9184782608695652 0.766624843161857 0.9989130434782608 0.8030112923462986 0.9989130434782608 0.7904642409033877 0.9391304347826087 0.7641154328732748
1 0.6790032608695652 0.5897917189460478 0.6669782608695652 0.5965633626097867 0.8819717391304348 0.6046888331242158 0.8573336956521739 0.594870765370138
1 0.6886282608695652 0.5862296110414053 0.6781782608695652 0.5894705144291091 0.8589521739130435 0.5948720200752823 0.8478782608695652 0.5901907151819322
1 0.6965826086956521 0.5831693851944793 0.6889402173913044 0.5856900878293602 0.847254347826087 0.589651191969887 0.8330608695652174 0.5853299874529485 0.6976749999999999 0.5835294855708908
3 0.05434782608695652 0.64366373902133 0 0.657465495608532 0 0.9159347553324969 0.004347826086956522 0.917189460476788 0.07934782608695652 0.9146800501882058 0.16304347826086957 0.8281053952321205 0.32065217391304346 0.6775407779171895 0.4597826086956522 0.6750313676286073 0.5228260869565218 0.6750313676286073 0.5315217391304348 0.6800501882057717 0.6684782608695652 0.9146800501882058 0.6923913043478261 0.918444165621079 0.9891304347826086 0.917189460476788 0.9989130434782608 0.9134253450439147 0.9989130434782608 0.6537013801756587 0.841304347826087 0.5872020075282308 0.7445652173913043 0.5759096612296111 0.5456521739130434 0.5734002509410289 0.44782608695652176 0.5796737766624843 0.4206521739130435 0.5746549560853199 0.358695652173913 0.5746549560853199
3 0.9630434782608696 0.5759096612296111 0.9152173913043479 0.5809284818067754 0.9260869565217391 0.589711417816813 0.9989130434782608 0.616060225846926 0.9989130434782608 0.5821831869510665