0 0.4859375 0.9583333333333334 0.48385416666666664 0.9990740740740741 0.5 0.9990740740740741 0.5015625 0.9555555555555556 0.4984375 0.9518518518518518 0.4895833333333333 0.9518518518518518
0 0.49114583333333334 0.8666666666666667 0.49166666666666664 0.8870370370370371 0.5046875 0.8861111111111111 0.5078125 0.8138888888888889 0.496875 0.812962962962963 0.4947916666666667 0.8157407407407408
0 0.49947916666666664 0.7240740740740741 0.4984375 0.7555555555555555 0.5010416666666667 0.7583333333333333 0.5098958333333333 0.7574074074074074 0.5125 0.7462962962962963 0.5130208333333334 0.6953703703703704 0.5041666666666667 0.6944444444444444 0.5015625 0.6972222222222222
0 0.5067708333333333 0.6037037037037037 0.5046875 0.6462962962962963 0.515625 0.6472222222222223 0.5177083333333333 0.6361111111111111 0.51875 0.5953703703703703 0.5083333333333333 0.5944444444444444
0 0.5119791666666667 0.5120370370370371 0.5104166666666666 0.5509259259259259 0.5197916666666667 0.5527777777777778 0.521875 0.549074074074074 0.5234375 0.5092592592592593 0.5140625 0.5074074074074074
0 0.515625 0.44814814814814813 0.5151041666666667 0.4685185185185185 0.5177083333333333 0.47129629629629627 0.525 0.46944444444444444 0.5265625 0.43148148148148147 0.5182291666666666 0.43148148148148147
0 0.5197916666666667 0.3768518518518518 0.5192708333333333 0.3972222222222222 0.5286458333333334 0.39814814814814814 0.5307291666666667 0.3638888888888889 0.5223958333333333 0.362962962962963
0 0.5239583333333333 0.31203703703703706 0.5234375 0.33240740740740743 0.5322916666666667 0.33240740740740743 0.5333333333333333 0.30277777777777776 0.525 0.30277777777777776
0 0.5270833333333333 0.2518518518518518 0.5270833333333333 0.2759259259259259 0.534375 0.2759259259259259 0.5364583333333334 0.24814814814814815 0.5307291666666667 0.2462962962962963
0 0.5296875 0.2037037037037037 0.5296875 0.2222222222222222 0.5369791666666667 0.22314814814814815 0.5385416666666667 0.19907407407407407 0.5317708333333333 0.19722222222222222
0 0.5322916666666667 0.15648148148148147 0.5317708333333333 0.17592592592592593 0.5390625 0.17685185185185184 0.540625 0.1537037037037037 0.5359375 0.15185185185185185
0 0.5348958333333333 0.11666666666666667 0.534375 0.13333333333333333 0.5416666666666666 0.13333333333333333 0.5427083333333333 0.11296296296296296 0.5364583333333334 0.11203703703703703
0 0.5369791666666667 0.08055555555555556 0.5369791666666667 0.09537037037037037 0.5432291666666667 0.09537037037037037 0.5442708333333334 0.07592592592592592 0.5401041666666667 0.07407407407407407
0 0.5390625 0.04351851851851852 0.5390625 0.06018518518518518 0.5447916666666667 0.06018518518518518 0.5463541666666667 0.041666666666666664 0.540625 0.040740740740740744
0 0.540625 0.014814814814814815 0.5401041666666667 0.026851851851851852 0.5463541666666667 0.026851851851851852 0.5479166666666667 0.022222222222222223 0.5473958333333333 0.011111111111111112 0.5427083333333333 0.010185185185185186
3 0.109375 0.9973546296296296 0.9142859375000001 0.9986768518518517 0.7788692708333333 0.31216944444444444 0.9142859375000001 0.3042324074074074 0.9991072916666667 0.5476194444444444 0.9983630208333333 0.0026453703703703704 0.3845239583333333 0