0 0.0967391304347826 0.7553324968632371 0.029347826086956522 0.7754077791718946 0.04782608695652174 0.7804265997490589 0.10978260869565218 0.7616060225846926 0.09891304347826087 0.7553324968632371
0 0.1891304347826087 0.7327478042659975 0.13369565217391305 0.7478042659974906 0.15217391304347827 0.7515683814303639 0.19782608695652174 0.7377666248431619 0.19021739130434784 0.7340025094102886
0 0.2608695652173913 0.7164366373902133 0.2184782608695652 0.726474278544542 0.225 0.7314930991217063 0.24021739130434783 0.7302383939774153 0.2717391304347826 0.7227101631116688 0.27391304347826084 0.7189460476787954 0.26956521739130435 0.7164366373902133
0 0.32717391304347826 0.7038895859473023 0.29239130434782606 0.71267252195734 0.3010869565217391 0.7164366373902133 0.3402173913043478 0.7089084065244667 0.34130434782608693 0.7063989962358845 0.3358695652173913 0.7038895859473023
0 0.3907608695652174 0.6938519447929736 0.3565217391304348 0.698870765370138 0.358695652173913 0.7026348808030113 0.3695652173913043 0.7038895859473023 0.3978260869565217 0.698870765370138 0.3978260869565217 0.6938519447929736
0 0.44456521739130433 0.685069008782936 0.4152173913043478 0.6913425345043914 0.4260869565217391 0.6951066499372648 0.45543478260869563 0.6888331242158093 0.45 0.685069008782936
0 0.49619565217391304 0.6787954830614805 0.47391304347826085 0.6813048933500627 0.46956521739130436 0.685069008782936 0.4815217391304348 0.6875784190715182 0.5054347826086957 0.6838143036386449 0.5065217391304347 0.6813048933500627 0.5021739130434782 0.6787954830614805
0 0.5445652173913044 0.6737766624843162 0.5239130434782608 0.6762860727728983 0.5206521739130435 0.6800501882057717 0.5380434782608695 0.6825595984943539 0.5576086956521739 0.6775407779171895 0.5521739130434783 0.6737766624843162
0 0.5934782608695652 0.6700125470514429 0.5695652173913044 0.6750313676286073 0.6021739130434782 0.6750313676286073 0.6 0.6700125470514429
0 0.6369565217391304 0.6662484316185696 0.616304347826087 0.671267252195734 0.65 0.671267252195734 0.6456521739130435 0.6662484316185696
0 0.6902173913043478 0.6637390213299874 0.6684782608695652 0.6637390213299874 0.6619565217391304 0.6675031367628608 0.6934782608695652 0.6687578419071518 0.6967391304347826 0.6675031367628608 0.6956521739130435 0.6637390213299874
0 0.7326086956521739 0.6624843161856964 0.7076086956521739 0.6649937264742786 0.7336956521739131 0.6675031367628608 0.7380434782608696 0.6662484316185696 0.7380434782608696 0.6624843161856964
0 0.7795652173913044 0.6612296110414053 0.7543478260869565 0.6637390213299874 0.7847826086956522 0.6649937264742786 0.7858695652173913 0.6612296110414053
0 0.8108695652173913 0.6587202007528231 0.8 0.6612296110414053 0.8336956521739131 0.6612296110414053 0.816304347826087 0.6587202007528231
0 0.8673913043478261 0.6587202007528231 0.8456521739130435 0.6612296110414053 0.8847826086956522 0.6612296110414053 0.8739130434782608 0.6587202007528231
3 0.09565217391304348 0.7352572145545797 0.05217391304347826 0.7578419071518193 0 0.7766624843161857 0 0.917189460476788 0.9989130434782608 0.917189460476788 0.9989130434782608 0.6675031367628608 0.7771739130434783 0.6599749058971142 0.7630434782608696 0.6537013801756587 0.6445652173913043 0.6386449184441656 0.6119565217391304 0.6298619824341279 0.5956521739130435 0.6185696361355082 0.5978260869565217 0.6085319949811794 0.616304347826087 0.5997490589711418 0.6369565217391304 0.5984943538268507 0.6271739130434782 0.5947302383939774 0.5684782608695652 0.5934755332496863 0.4141304347826087 0.6022584692597239
3 0.5914836956521738 0.5904730238393978 0.604204347826087 0.6062045169385194 0.7241369565217392 0.597814303638645 0.8658750000000001 0.600961104140527 0.9967097826086956 0.6072534504391468 0.9967097826086956 0.5925708908406524
2 0.7467391304347826 0.9121706398996235 0.7456521739130435 0.9196988707653702 0.7989130434782609 0.917189460476788 0.8358695652173913 0.8619824341279799 0.8804347826086957 0.8143036386449184 0.9358695652173913 0.7766624843161857 0.9989130434782608 0.7528230865746549 0.9989130434782608 0.7377666248431619 0.9163043478260869 0.7628607277289837 0.8434782608695652 0.8055207026348808 0.7902173913043479 0.8557089084065245
1 0.4210336956521739 0.6017277289836889 0.4853010869565217 0.6077515683814303 0.5948847826086956 0.5982409033877039 0.5275967391304348 0.593801756587202