0 0.28854166666666664 0.9314814814814815 0.2911458333333333 0.9796296296296296 0.30052083333333335 0.9805555555555555 0.3026041666666667 0.9768518518518519 0.3026041666666667 0.9666666666666667 0.3 0.9333333333333333 0.2984375 0.9305555555555556
0 0.28958333333333336 0.8787037037037037 0.290625 0.8861111111111111 0.296875 0.8861111111111111 0.2984375 0.8833333333333333 0.2989583333333333 0.8416666666666667 0.296875 0.8388888888888889 0.2942708333333333 0.8425925925925926
0 0.484375 0.662962962962963 0.484375 0.6842592592592592 0.4875 0.6898148148148148 0.49114583333333334 0.6898148148148148 0.49270833333333336 0.687037037037037 0.49270833333333336 0.6638888888888889 0.490625 0.6611111111111111
0 0.484375 0.6157407407407407 0.484375 0.6370370370370371 0.49114583333333334 0.6407407407407407 0.49322916666666666 0.6370370370370371 0.49270833333333336 0.6175925925925926 0.4875 0.6138888888888889
0 0.48489583333333336 0.5722222222222222 0.48385416666666664 0.5916666666666667 0.49166666666666664 0.5953703703703703 0.49270833333333336 0.575 0.49114583333333334 0.5722222222222222
0 0.48385416666666664 0.5342592592592592 0.48385416666666664 0.5509259259259259 0.49166666666666664 0.5537037037037037 0.4921875 0.5351851851851852 0.4895833333333333 0.5324074074074074
0 0.484375 0.49722222222222223 0.484375 0.5138888888888888 0.49114583333333334 0.5157407407407407 0.49270833333333336 0.5120370370370371 0.4921875 0.49907407407407406 0.48802083333333335 0.49537037037037035
0 0.48385416666666664 0.46296296296296297 0.48385416666666664 0.4777777777777778 0.49114583333333334 0.48055555555555557 0.49270833333333336 0.47685185185185186 0.49166666666666664 0.4638888888888889
0 0.48385416666666664 0.43148148148148147 0.48385416666666664 0.44537037037037036 0.49114583333333334 0.44722222222222224 0.49114583333333334 0.43148148148148147
0 0.48385416666666664 0.4009259259259259 0.48385416666666664 0.412962962962963 0.4875 0.4166666666666667 0.49114583333333334 0.41574074074074074 0.49114583333333334 0.40185185185185185 0.4875 0.3990740740740741
0 0.484375 0.37037037037037035 0.48333333333333334 0.38333333333333336 0.49114583333333334 0.387037037037037 0.49114583333333334 0.3731481481481482
0 0.48385416666666664 0.34444444444444444 0.48385416666666664 0.35648148148148145 0.49114583333333334 0.35833333333333334 0.49114583333333334 0.3472222222222222 0.48802083333333335 0.3435185185185185
0 0.484375 0.3194444444444444 0.484375 0.3314814814814815 0.490625 0.33425925925925926 0.490625 0.32037037037037036
0 0.484375 0.2953703703703704 0.48385416666666664 0.30648148148148147 0.490625 0.30925925925925923 0.49114583333333334 0.29814814814814816
0 0.48385416666666664 0.27314814814814814 0.48385416666666664 0.28425925925925927 0.49114583333333334 0.2861111111111111 0.49114583333333334 0.2759259259259259
0 0.484375 0.25092592592592594 0.48385416666666664 0.26296296296296295 0.49114583333333334 0.26481481481481484 0.49114583333333334 0.2564814814814815 0.48854166666666665 0.2518518518518518
0 0.484375 0.2518518518518518 0.4828125 0.25462962962962965 0.48385416666666664 0.26296296296296295 0.490625 0.26481481481481484 0.490625 0.25555555555555554
0 0.48385416666666664 0.2324074074074074 0.48489583333333336 0.24259259259259258 0.48802083333333335 0.24444444444444444 0.49114583333333334 0.24074074074074073 0.4890625 0.23333333333333334
0 0.48385416666666664 0.21296296296296297 0.48333333333333334 0.21481481481481482 0.48333333333333334 0.2212962962962963 0.48385416666666664 0.2222222222222222 0.48385416666666664 0.22407407407407406 0.48802083333333335 0.22592592592592592 0.49114583333333334 0.22314814814814815 0.490625 0.2175925925925926 0.4890625 0.21481481481481482 0.48802083333333335 0.21388888888888888
0 0.48385416666666664 0.19537037037037036 0.48333333333333334 0.19722222222222222 0.48333333333333334 0.20277777777777778 0.48385416666666664 0.20462962962962963 0.4859375 0.20555555555555555 0.4864583333333333 0.2064814814814815 0.4895833333333333 0.2064814814814815 0.490625 0.20555555555555555 0.49114583333333334 0.20277777777777778 0.4901041666666667 0.19907407407407407 0.4890625 0.19722222222222222 0.48802083333333335 0.1962962962962963
0 0.48385416666666664 0.1787037037037037 0.48333333333333334 0.18055555555555555 0.48333333333333334 0.18518518518518517 0.48489583333333336 0.18888888888888888 0.4864583333333333 0.18888888888888888 0.4869791666666667 0.18981481481481483 0.4901041666666667 0.18888888888888888 0.4901041666666667 0.18425925925925926 0.4890625 0.18055555555555555 0.48802083333333335 0.17962962962962964 0.4864583333333333 0.17962962962962964 0.4859375 0.1787037037037037
0 0.48432760416666665 0.16282685185185186 0.4901598958333333 0.16659722222222223 0.49075624999999995 0.17508055555555554 0.4840625 0.17131018518518518 0.4839963541666667 0.16376944444444444
0 0.4840625 0.15493333333333334 0.48393020833333333 0.1465675925925926 0.4905572916666667 0.15210555555555555 0.49082239583333337 0.15999907407407407
0 0.48432760416666665 0.13914537037037036 0.48373125 0.133725 0.49141875 0.13773148148148148 0.4902921875 0.1445648148148148
0 0.48452656250000004 0.1260675925925926 0.48459270833333334 0.11982314814814814 0.49075624999999995 0.12359259259259259 0.48976197916666664 0.12971944444444444
0 0.48459270833333334 0.10698055555555555 0.4839963541666667 0.11216481481481481 0.48969583333333333 0.11605277777777778 0.48969583333333333 0.10957222222222221 0.48459270833333334 0.10733425925925927
2 0.484375 0.7138888888888889 0.484375 0.7546296296296297 0.4875 0.8055555555555556 0.49895833333333334 0.8777777777777778 0.5119791666666667 0.9305555555555556 0.5348958333333333 0.9990740740740741 0.5453125 0.9990740740740741 0.5182291666666666 0.9157407407407407 0.5072916666666667 0.8703703703703703 0.496875 0.8046296296296296 0.49322916666666666 0.7166666666666667 0.4890625 0.712037037037037
2 0.48385416666666664 0.08333333333333333 0.48333333333333334 0.1 0.4859375 0.1037037037037037 0.4901041666666667 0.1037037037037037 0.4942708333333333 0.07685185185185185 0.5005208333333333 0.06388888888888888 0.5140625 0.04537037037037037 0.5416666666666666 0.023148148148148147 0.5890625 0 0.5661458333333333 0 0.5286458333333334 0.022222222222222223 0.4947916666666667 0.05555555555555555
3 0.27273749999999997 0.9967537037037036 0.8131463541666667 0.9990740740740741 0.7481281249999999 0.9195953703703704 0.6831104166666666 0.7844935185185186 0.6408911458333333 0.5308018518518518 0.6214697916666666 0.40470648148148153 0.35802083333333334 0.4197175925925926
3 0.401084375 0.09457129629629629 0.35633177083333334 0.41731574074074074 0.68564375 0.4008027777777778 0.74390625 0.6364814814814814 0.8781640625 0.6259731481481482 0.9994791666666667 0.9682324074074075 0.9980671875 0 0.7768375 0.01200925925925926 0.6603119791666666 0.027020370370370368 0.6206255208333334 0.054040740740740736 0.6189369791666667 0.07956018518518518 0.5724953125 0.08706574074074075 0.5750286458333334 0.060045370370370374 0.6054265625 0.03152407407407407 0.628225 0.019514814814814815 0.6729776041666666 0.00600462962962963 0.6873322916666668 0.001500925925925926 0.4981890625 0 0.46610260416666666 0.016512037037037037 0.4205057291666667 0.05704351851851852