0 0.0967391304347826 0.8670012547051443 0 0.8682559598494354 0 0.8895859473023839 0.08478260869565217 0.8870765370138017 0.10217391304347827 0.8720200752823086 0.10217391304347827 0.8670012547051443
0 0.28695652173913044 0.8557089084065245 0.15217391304347827 0.863237139272271 0.14565217391304347 0.8644918444165621 0.13043478260869565 0.8833124215809285 0.28695652173913044 0.8745294855708908 0.29130434782608694 0.8695106649937264 0.29347826086956524 0.8557089084065245
0 0.46304347826086956 0.8381430363864492 0.33369565217391306 0.8506900878293601 0.33043478260869563 0.8695106649937264 0.4706521739130435 0.8544542032622334 0.475 0.848180677540778 0.46956521739130436 0.8381430363864492
0 0.6141304347826086 0.8155583437892095 0.5467391304347826 0.8243412797992472 0.5032608695652174 0.8343789209535759 0.508695652173913 0.8444165621079046 0.5163043478260869 0.848180677540778 0.6326086956521739 0.8281053952321205 0.6195652173913043 0.8155583437892095
0 0.7369565217391304 0.7929736511919699 0.6489130434782608 0.8105395232120451 0.657608695652174 0.820577164366374 0.6673913043478261 0.823086574654956 0.7565217391304347 0.8030112923462986 0.7554347826086957 0.7992471769134254 0.7423913043478261 0.7929736511919699
0 0.8282608695652174 0.7691342534504392 0.7630434782608696 0.7867001254705144 0.7706521739130435 0.7929736511919699 0.7858695652173913 0.7967377666248432 0.8326086956521739 0.7841907151819323 0.8510869565217392 0.7754077791718946 0.8347826086956521 0.7691342534504392
0 0.8902173913043478 0.7465495608531995 0.8478260869565217 0.7616060225846926 0.8456521739130435 0.7653701380175659 0.8684782608695653 0.7716436637390214 0.8989130434782608 0.7616060225846926 0.9141304347826087 0.7515683814303639 0.8934782608695652 0.7465495608531995
0 0.9315217391304348 0.726474278544542 0.9054347826086957 0.7415307402760352 0.9282608695652174 0.7478042659974906 0.9565217391304348 0.7302383939774153 0.941304347826087 0.726474278544542
0 0.9586956521739131 0.7089084065244667 0.9423913043478261 0.7214554579673776 0.9619565217391305 0.726474278544542 0.9630434782608696 0.7089084065244667
0 0.975 0.6913425345043914 0.9684782608695652 0.6938519447929736 0.9619565217391305 0.7038895859473023 0.9728260869565217 0.7026348808030113 0.9836956521739131 0.6925972396486826 0.9771739130434782 0.6913425345043914
0 0.9728260869565217 0.6775407779171895 0.9695652173913043 0.6800501882057717 0.9706521739130435 0.6888331242158093 0.9880434782608696 0.6900878293601004 0.9880434782608696 0.6813048933500627 0.9826086956521739 0.6775407779171895
0 0.9630434782608696 0.6637390213299874 0.9684782608695652 0.6750313676286073 0.9836956521739131 0.6762860727728983 0.9771739130434782 0.6662484316185696 0.9641304347826087 0.6637390213299874
0 0.9554347826086956 0.6549560853199499 0.9532608695652174 0.657465495608532 0.9543478260869566 0.657465495608532 0.9576086956521739 0.6612296110414053 0.9619565217391305 0.6624843161856964 0.9630434782608696 0.6637390213299874 0.9652173913043478 0.6637390213299874 0.9684782608695652 0.6675031367628608 0.9706521739130435 0.6675031367628608 0.9739130434782609 0.6649937264742786 0.9760869565217392 0.6675031367628608 0.9771739130434782 0.6675031367628608 0.9771739130434782 0.6662484316185696 0.9706521739130435 0.6587202007528231 0.966304347826087 0.657465495608532 0.9652173913043478 0.6562107904642409 0.9630434782608696 0.6562107904642409 0.9619565217391305 0.6549560853199499
0 0.9369565217391305 0.64366373902133 0.9369565217391305 0.6461731493099122 0.9380434782608695 0.6474278544542033 0.9391304347826087 0.6474278544542033 0.9434782608695652 0.6511919698870765 0.9456521739130435 0.6511919698870765 0.9532608695652174 0.657465495608532 0.9565217391304348 0.657465495608532 0.9597826086956521 0.6537013801756587 0.9608695652173913 0.6537013801756587 0.9586956521739131 0.6537013801756587 0.9554347826086956 0.6499372647427855 0.9489130434782609 0.6461731493099122 0.9467391304347826 0.6461731493099122 0.9434782608695652 0.64366373902133
0 0.9250641304347825 0.6390363864491845 0.9178739130434782 0.6406173149309912 0.9332804347826088 0.6453601003764116 0.938758695652174 0.6414077791718946 0.9230097826086956 0.6390363864491845
2 0.8900456521739131 0.6192396486825595 0.8380815217391304 0.617435382685069 0.8908271739130436 0.6300639899623588 0.9989130434782608 0.6298619824341279 0.9923913043478261 0.6260978670012547 0.9427923913043479 0.6232986198243413
2 0.4592391304347826 0.8557089084065245 0.4358695652173913 0.8582183186951067 0.43043478260869567 0.8619824341279799 0.4543478260869565 0.918444165621079 0.4967391304347826 0.918444165621079 0.48478260869565215 0.8870765370138017 0.46630434782608693 0.8557089084065245
0 0.8996097826086956 0.6328381430363864 0.9133891304347825 0.6390865746549561 0.9212630434782609 0.6385194479297365 0.9119130434782609 0.6328381430363864
0 0.8253750000000001 0.6175470514429109 0.8450032608695652 0.6169661229611041 0.8412282608695651 0.6155144291091593 0.8306597826086957 0.6158042659974906
0 0.8165673913043477 0.6163851944792974 0.8316663043478262 0.6149335006273525 0.8346858695652173 0.6131907151819322 0.822104347826087 0.6128996235884567
0 0.8095217391304348 0.6143525721455458 0.8210978260869565 0.613771643663739 0.8226076086956522 0.6126097867001254 0.8117869565217392 0.6128996235884567
0 0.7981978260869566 0.6126097867001254 0.8127934782608696 0.6120288582183186 0.8160641304347827 0.6085432873274781 0.8029793478260869 0.6102860727728984
0 0.7881326086956522 0.6111568381430363 0.8002108695652174 0.6111568381430363 0.8029793478260869 0.6065094102885822 0.7916554347826087 0.6073814303638645
3 0.002173913043478261 0.7239648682559598 0 0.9159347553324969 0.9282608695652174 0.918444165621079 0.9989130434782608 0.9146800501882058 0.9989130434782608 0.7638720200752823 0.9838108695652173 0.749348808030113 0.9722369565217391 0.7348268506900879 0.9682108695652174 0.7133337515683815 0.9802891304347826 0.6993927227101632 0.9989130434782608 0.6912597239648682 0.9989130434782608 0.6210790464240903 0.9989130434782608 0.6151631116687579 0.933695652173913 0.6122961104140527 0.875 0.6110414052697616 0.8680684782608696 0.6081932245922208 0.8619565217391304 0.6122961104140527 0.8499521739130435 0.6081932245922208 0.8383782608695652 0.6070313676286072 0.825 0.6097867001254705 0.7423913043478261 0.6060225846925973 0.7358695652173913 0.6085319949811794 0.7456521739130435 0.6110414052697616 0.7510869565217392 0.6210790464240903 0.7630434782608696 0.6248431618569636 0.775 0.64366373902133 0.7576086956521739 0.6624843161856964 0.6880434782608695 0.6863237139272271 0.5108695652173914 0.7139272271016311 0.2326086956521739 0.7314930991217063 0.13152173913043477 0.7327478042659975 0.12282608695652174 0.7289836888331243
3 0 0.6046449184441656 0.0010347826086956522 0.6201794228356337 0.14389130434782607 0.6022547051442911 0.3105565217391304 0.5926951066499373 0.5631434782608695 0.5915006273525721 0.7463717391304349 0.6189836888331242 0.7494771739130435 0.6046449184441656 0.4958565217391304 0.585525721455458 0.22981195652173914 0.5891104140526976