0 0.029166666666666667 0.7444444444444445 0.027083333333333334 0.7481481481481481 0.028125 0.7583333333333333 0.0296875 0.7620370370370371 0.033854166666666664 0.7620370370370371 0.07291666666666667 0.7342592592592593 0.075 0.7305555555555555 0.07447916666666667 0.7212962962962963 0.071875 0.7157407407407408 0.0671875 0.7166666666666667
0 0.10625 0.6916666666666667 0.1078125 0.7055555555555556 0.11302083333333333 0.7074074074074074 0.1484375 0.6824074074074075 0.1515625 0.674074074074074 0.14947916666666666 0.6648148148148149 0.14635416666666667 0.662962962962963
0 0.18125 0.6407407407407407 0.18177083333333333 0.6518518518518519 0.18385416666666668 0.6555555555555556 0.1890625 0.6546296296296297 0.22083333333333333 0.6314814814814815 0.22447916666666667 0.6259259259259259 0.22395833333333334 0.6203703703703703 0.22239583333333332 0.6148148148148148 0.21770833333333334 0.6138888888888889
0 0.2520833333333333 0.5916666666666667 0.25416666666666665 0.6046296296296296 0.25885416666666666 0.6055555555555555 0.28958333333333336 0.5842592592592593 0.29322916666666665 0.5805555555555556 0.29375 0.5740740740740741 0.29010416666666666 0.5648148148148148 0.2864583333333333 0.5657407407407408
0 0.32135416666666666 0.5425925925925926 0.3223958333333333 0.5564814814814815 0.32708333333333334 0.5583333333333333 0.359375 0.5361111111111111 0.3609375 0.5324074074074074 0.35989583333333336 0.5212962962962963 0.35572916666666665 0.5185185185185185
0 0.38645833333333335 0.49907407407407406 0.3880208333333333 0.5101851851851852 0.3927083333333333 0.5120370370370371 0.42291666666666666 0.49166666666666664 0.425 0.48333333333333334 0.42135416666666664 0.4740740740740741
0 0.4505208333333333 0.4527777777777778 0.44947916666666665 0.462037037037037 0.45208333333333334 0.4685185185185185 0.4557291666666667 0.4685185185185185 0.484375 0.44907407407407407 0.4864583333333333 0.4398148148148148 0.48385416666666664 0.4324074074074074 0.48072916666666665 0.4324074074074074
0 0.5104166666666666 0.41203703703703703 0.5109375 0.42407407407407405 0.515625 0.42685185185185187 0.5427083333333333 0.4083333333333333 0.5458333333333333 0.4046296296296296 0.5458333333333333 0.4 0.5432291666666667 0.39166666666666666 0.5395833333333333 0.39166666666666666
0 0.7515625 0.6592592592592592 0.753125 0.6620370370370371 0.7625 0.6564814814814814 0.7869791666666667 0.6342592592592593 0.7885416666666667 0.6296296296296297 0.7864583333333334 0.6222222222222222 0.7817708333333333 0.6231481481481481
0 0.8130208333333333 0.5833333333333334 0.815625 0.5935185185185186 0.8213541666666667 0.5925925925925926 0.8463541666666666 0.5555555555555556 0.846875 0.5462962962962963 0.8453125 0.5425925925925926 0.8401041666666667 0.5425925925925926
0 0.8682291666666667 0.4962962962962963 0.8677083333333333 0.5009259259259259 0.871875 0.5092592592592593 0.878125 0.5046296296296297 0.8989583333333333 0.46574074074074073 0.8984375 0.45555555555555555 0.8911458333333333 0.4546296296296296
0 0.9182291666666667 0.3972222222222222 0.9166666666666666 0.4101851851851852 0.9197916666666667 0.4148148148148148 0.925 0.41388888888888886 0.9432291666666667 0.37407407407407406 0.9447916666666667 0.362962962962963 0.9411458333333333 0.3574074074074074 0.9354166666666667 0.3592592592592593
0 0.9583333333333334 0.30277777777777776 0.9583333333333334 0.30925925925925923 0.9614583333333333 0.3138888888888889 0.9661458333333334 0.3138888888888889 0.9682291666666667 0.3101851851851852 0.9838541666666667 0.26666666666666666 0.9828125 0.2574074074074074 0.9765625 0.25462962962962965 0.9729166666666667 0.25833333333333336
0 0.9927083333333333 0.1962962962962963 0.9932291666666667 0.20462962962962963 0.9994791666666667 0.20833333333333334 0.9994791666666667 0.17592592592592593 0.9979166666666667 0.17592592592592593
2 0.5677083333333334 0.3731481481481482 0.5703125 0.3851851851851852 0.5755208333333334 0.3851851851851852 0.6317708333333333 0.3453703703703704 0.6776041666666667 0.30277777777777776 0.7255208333333333 0.2462962962962963 0.7578125 0.2 0.8005208333333333 0.12314814814814815 0.8255208333333334 0.06666666666666667 0.8453125 0.013888888888888888 0.8479166666666667 0 0.834375 0 0.81875 0.046296296296296294 0.7770833333333333 0.13703703703703704 0.7453125 0.19166666666666668 0.7072916666666667 0.2462962962962963 0.6526041666666667 0.3074074074074074 0.6213541666666667 0.33425925925925926
3 0.01875 0.26481481481481484 0 0.2759259259259259 0 0.9222222222222223 0.03333333333333333 0.9212962962962963 0.04791666666666667 0.9157407407407407 0.10520833333333333 0.8787037037037037 0.12604166666666666 0.8694444444444445 0.15208333333333332 0.8629629629629629 0.175 0.8638888888888889 0.1953125 0.8731481481481481 0.20677083333333332 0.8842592592592593 0.21354166666666666 0.8972222222222223 0.21927083333333333 0.9148148148148149 0.22239583333333332 0.937962962962963 0.22239583333333332 0.9666666666666667 0.21927083333333333 0.9916666666666667 0.22083333333333333 0.9990740740740741 0.35 0.9990740740740741 0.9994791666666667 0.45740740740740743 0.9994791666666667 0 0.4973958333333333 0
3 0.050520833333333334 0 0 0 0 0.024074074074074074