2 0.35491093749999997 0.9986768518518517 0.3720239583333333 0.9986768518518517 0.39136927083333334 0.5317462962962962 0.383184375 0.5251324074074074
2 0.3779760416666667 0.8690472222222222 0.4188989583333333 0.7592592592592593 0.445684375 0.7129629629629629 0.46651770833333334 0.6759259259259259 0.48883906250000003 0.6455027777777778 0.5178572916666666 0.6084657407407408 0.5409223958333332 0.5859787037037036 0.4985119791666667 0.5793648148148148 0.4561010416666667 0.5634916666666667 0.4181546875 0.551587037037037 0.39136927083333334 0.5396824074074074 0.39136927083333334 0.5304231481481482 0.43526770833333334 0.551587037037037 0.4791666666666667 0.5661379629629629 0.5200890625 0.5780425925925925 0.5535713541666667 0.5793648148148148 0.555059375 0.5899472222222223 0.5208333333333334 0.6203703703703703 0.47842239583333335 0.6719574074074075 0.461309375 0.7010583333333333 0.4337796875 0.7513231481481482 0.4010416666666667 0.8333333333333334 0.37425572916666666 0.9444444444444444
0 0.3515625 0.512962962962963 0.3494791666666667 0.5148148148148148 0.35104166666666664 0.5175925925925926 0.365625 0.5259259259259259 0.37135416666666665 0.5222222222222223 0.35572916666666665 0.512962962962963
0 0.321875 0.49074074074074076 0.31927083333333334 0.49074074074074076 0.3182291666666667 0.49444444444444446 0.3307291666666667 0.5046296296296297 0.33697916666666666 0.5018518518518519 0.32447916666666665 0.49074074074074076
0 0.29635416666666664 0.4675925925925926 0.29322916666666665 0.4703703703703704 0.3 0.4787037037037037 0.303125 0.48148148148148145 0.3098958333333333 0.48055555555555557 0.29739583333333336 0.4675925925925926
0 0.278125 0.4462962962962963 0.2755208333333333 0.4462962962962963 0.275 0.44907407407407407 0.2791666666666667 0.4564814814814815 0.2859375 0.45925925925925926 0.28802083333333334 0.4564814814814815 0.28072916666666664 0.4462962962962963
0 0.26510416666666664 0.42314814814814816 0.26197916666666665 0.425 0.2640625 0.43148148148148147 0.2677083333333333 0.4361111111111111 0.27239583333333334 0.4361111111111111 0.27291666666666664 0.43148148148148147 0.26927083333333335 0.425 0.265625 0.42314814814814816
0 0.25729166666666664 0.4 0.2546875 0.40370370370370373 0.2557291666666667 0.4101851851851852 0.2578125 0.412962962962963 0.2625 0.412962962962963 0.2630208333333333 0.4074074074074074 0.25885416666666666 0.4
0 0.25833333333333336 0.37962962962962965 0.25416666666666665 0.3824074074074074 0.25416666666666665 0.3907407407407407 0.2598958333333333 0.38981481481481484 0.25833333333333336 0.38055555555555554
0 0.5671875 0.5861111111111111 0.565625 0.5879629629629629 0.5661458333333333 0.5907407407407408 0.5734375 0.5935185185185186 0.5921875 0.5962962962962963 0.5963541666666666 0.5925925925925926 0.5942708333333333 0.5898148148148148 0.571875 0.5861111111111111
0 0.6328125 0.5944444444444444 0.6265625 0.5944444444444444 0.6260416666666667 0.5990740740740741 0.6526041666666667 0.6027777777777777 0.6578125 0.600925925925926 0.6572916666666667 0.5972222222222222 0.6541666666666667 0.5953703703703703 0.6359375 0.5944444444444444
0 0.7177083333333333 0.5981481481481481 0.6890625 0.5981481481481481 0.6885416666666667 0.6018518518518519 0.6979166666666666 0.6055555555555555 0.7203125 0.6055555555555555 0.7203125 0.5981481481481481
0 0.780059375 0.5962962962962963 0.7526041666666666 0.5972222222222222 0.7515625 0.6018518518518519 0.7828125 0.6027777777777777 0.7828125 0.5962962962962963
0 0.8401041666666667 0.5898148148148148 0.8197916666666667 0.5916666666666667 0.8140625 0.5935185185185186 0.8135416666666667 0.5962962962962963 0.8166666666666667 0.600925925925926 0.8359375 0.5990740740740741 0.8453125 0.5953703703703703 0.8458333333333333 0.5916666666666667 0.8432291666666667 0.5898148148148148
0 0.9739583333333334 0.5564814814814815 0.9541666666666667 0.5638888888888889 0.9536458333333333 0.5675925925925925 0.9619791666666667 0.5694444444444444 0.9807291666666667 0.562962962962963 0.9807291666666667 0.5601851851851852 0.9744791666666667 0.5564814814814815
0 0.9765625 0.24074074074074073 0.9734375 0.24074074074074073 0.975 0.24444444444444444 0.98125 0.24814814814814815 0.9885416666666667 0.24814814814814815 0.9869791666666666 0.24444444444444444 0.9796875 0.24074074074074073
0 0.8432291666666667 0.20185185185185187 0.8416666666666667 0.20277777777777778 0.846875 0.2074074074074074 0.8552083333333333 0.2064814814814815 0.8463541666666666 0.20185185185185187
0 0.8140625 0.1962962962962963 0.8125 0.19907407407407407 0.8166666666666667 0.20277777777777778 0.828125 0.20277777777777778 0.8270833333333333 0.19907407407407407 0.8151041666666666 0.1962962962962963
0 0.7875 0.1925925925925926 0.7822916666666667 0.1925925925925926 0.7822916666666667 0.19537037037037036 0.7921875 0.19907407407407407 0.7979166666666667 0.19722222222222222 0.796875 0.19444444444444445 0.7901041666666667 0.1925925925925926
0 0.7574651041666667 0.18981481481481483 0.7515625 0.19166666666666668 0.7645833333333333 0.19537037037037036 0.7677083333333333 0.1925925925925926 0.7604166666666666 0.18981481481481483
0 0.7239583333333334 0.18703703703703703 0.721875 0.18888888888888888 0.7239583333333334 0.19166666666666668 0.7375 0.19166666666666668 0.7375 0.18888888888888888 0.7348958333333333 0.18796296296296297 0.7244791666666667 0.18796296296296297
0 0.6953125 0.18611111111111112 0.6921875 0.18888888888888888 0.7072916666666667 0.18888888888888888 0.6979166666666666 0.18611111111111112
0 0.6725260416666666 0.18703703703703703 0.6609375 0.18888888888888888 0.6776041666666667 0.18888888888888888 0.6755208333333333 0.18703703703703703
2 0.9560807291666666 0.2351185185185185 0.9825947916666667 0.21716203703703704 0.9994791666666667 0.21155092592592592 0.9990083333333334 0.20313333333333333 0.9731255208333334 0.21491759259259258 0.9522932291666667 0.23119074074074075 0.8683322916666667 0.2070611111111111 0.8926369791666667 0.20537777777777777 0.9185192708333333 0.20145 0.9510307291666666 0.20145 0.9939578124999999 0.19696111111111111 0.9990083333333334 0.19696111111111111 0.9983770833333333 0.1913490740740741 0.965865625 0.19471666666666668 0.9421927083333334 0.19527777777777777 0.902421875 0.2003277777777778 0.8724359375 0.2025722222222222 0.8493937500000001 0.2076222222222222 0.8866395833333333 0.21547870370370373 0.9308296875 0.2278240740740741 0.957659375 0.23848518518518522
3 0.6696427083333333 0.9986768518518517 0.6592260416666667 0.9417990740740741 0.6555057291666666 0.9021166666666666 0.6577380208333333 0.8558203703703703 0.6674109375 0.7936509259259259 0.6785713541666667 0.7566138888888889 0.703125 0.7063490740740741 0.7455359375 0.6534388888888889 0.789434375 0.6230157407407407 0.8556546875 0.5912694444444445 0.9375 0.5714287037037037 0.9994791666666667 0.5661379629629629 0.9985119791666667 0.15476203703703703 0.6577380208333333 0.19047592592592594 0.6592260416666667 0.2182537037037037 0.6986609375 0.22089907407407408 0.7358630208333333 0.2248675925925926 0.7827380208333333 0.23148148148148148 0.84375 0.2460314814814815 0.890625 0.26851851851851855 0.9508927083333333 0.3148148148148148 0.9650296875 0.3478833333333333 0.9627973958333332 0.36904722222222225 0.9464286458333333 0.404762037037037 0.9040177083333333 0.4351851851851852 0.8095239583333333 0.4748675925925926 0.7150296875 0.4828046296296296 0.5900296875 0.4761907407407407 0.5014880208333333 0.45238055555555556 0.43824427083333334 0.4179898148148148 0.398065625 0.37037037037037035 0.39508906250000003 0.3505287037037037 0.398065625 0.32407407407407407 0.40625 0.30820092592592596 0.42113072916666666 0.2896824074074074 0.43526770833333334 0.28042314814814817 0.4635416666666667 0.2619046296296297 0.5029760416666667 0.2460314814814815 0.5513390625 0.23412685185185186 0.5997026041666668 0.22619074074074075 0.6584822916666667 0.21957685185185186 0.65625 0.1891537037037037 0.5267859375 0.1970898148148148 0.4717260416666667 0.21031759259259258 0.4047619791666667 0.23280462962962964 0.351934375 0.25661388888888886 0.31026770833333334 0.28042314814814817 0.2775296875 0.3214287037037037 0.26116093749999997 0.3558203703703704 0.18898802083333335 0.5925925925925926 0.06026770833333333 0.9990740740740741