0 0.005729166666666666 0.6157407407407407 0 0.6185185185185185 0 0.6388888888888888 0.015625 0.6333333333333333 0.021354166666666667 0.6277777777777778 0.019270833333333334 0.6138888888888889
0 0.05572916666666667 0.5962962962962963 0.05677083333333333 0.6092592592592593 0.06197916666666667 0.612037037037037 0.09947916666666666 0.5953703703703703 0.10260416666666666 0.5916666666666667 0.10260416666666666 0.5833333333333334 0.10052083333333334 0.5777777777777777 0.0953125 0.5768518518518518
0 0.2864583333333333 0.49166666666666664 0.28229166666666666 0.49444444444444446 0.28229166666666666 0.5018518518518519 0.28541666666666665 0.5083333333333333 0.31875 0.49537037037037035 0.3223958333333333 0.49074074074074076 0.3223958333333333 0.4824074074074074 0.32083333333333336 0.4787037037037037 0.309375 0.48055555555555557
0 0.21041666666666667 0.5259259259259259 0.21145833333333333 0.5398148148148149 0.21666666666666667 0.5416666666666666 0.24791666666666667 0.5287037037037037 0.25416666666666665 0.5212962962962963 0.2526041666666667 0.5120370370370371 0.24739583333333334 0.5083333333333333
0 0.13489583333333333 0.5601851851851852 0.13541666666666666 0.5740740740740741 0.1421875 0.575925925925926 0.1765625 0.5601851851851852 0.18020833333333333 0.5527777777777778 0.17864583333333334 0.5425925925925926 0.17083333333333334 0.5425925925925926
0 0.35260416666666666 0.46111111111111114 0.35208333333333336 0.47314814814814815 0.3572916666666667 0.47685185185185186 0.3890625 0.46296296296296297 0.39166666666666666 0.45555555555555555 0.39010416666666664 0.44722222222222224 0.3848958333333333 0.4462962962962963
0 0.41822916666666665 0.4324074074074074 0.4192708333333333 0.44537037037037036 0.42552083333333335 0.4462962962962963 0.4552083333333333 0.4324074074074074 0.45677083333333335 0.425 0.45260416666666664 0.4166666666666667
0 0.4828125 0.4027777777777778 0.48333333333333334 0.4166666666666667 0.48802083333333335 0.41759259259259257 0.5171875 0.4046296296296296 0.51875 0.39814814814814814 0.5166666666666667 0.38981481481481484 0.5125 0.3888888888888889
0 0.6026041666666667 0.34814814814814815 0.603125 0.3592592592592593 0.609375 0.36203703703703705 0.6359375 0.35 0.6375 0.3435185185185185 0.6364583333333333 0.337037037037037 0.6333333333333333 0.33425925925925926
0 0.5447916666666667 0.37407407407407406 0.5432291666666667 0.38333333333333336 0.5473958333333333 0.38981481481481484 0.5760416666666667 0.37777777777777777 0.5791666666666667 0.3712962962962963 0.578125 0.3648148148148148 0.5739583333333333 0.3611111111111111
0 0.6604166666666667 0.32222222222222224 0.6609375 0.33425925925925926 0.6651041666666667 0.33611111111111114 0.6921875 0.325 0.69375 0.3175925925925926 0.6921875 0.3101851851851852 0.6875 0.30925925925925923
0 0.7161458333333334 0.2962962962962963 0.7166666666666667 0.3074074074074074 0.7229166666666667 0.3101851851851852 0.7479166666666667 0.29907407407407405 0.7484375 0.2898148148148148 0.7473958333333334 0.2851851851851852 0.7421875 0.28425925925925927
0 0.7708333333333334 0.2712962962962963 0.7708333333333334 0.2824074074074074 0.7765625 0.2851851851851852 0.7989583333333333 0.2759259259259259 0.8015625 0.2722222222222222 0.8015625 0.26666666666666666 0.8005208333333333 0.2611111111111111 0.79375 0.2601851851851852
0 0.8229166666666666 0.24722222222222223 0.8229166666666666 0.25833333333333336 0.828125 0.262037037037037 0.8510416666666667 0.2518518518518518 0.853125 0.24351851851851852 0.8515625 0.23796296296296296 0.8479166666666667 0.2361111111111111
0 0.8734375 0.225 0.8739583333333333 0.23425925925925925 0.8760416666666667 0.23796296296296296 0.8807291666666667 0.23796296296296296 0.9005208333333333 0.22962962962962963 0.903125 0.22685185185185186 0.903125 0.2212962962962963 0.9015625 0.21481481481481482 0.8953125 0.21388888888888888
2 0.9234375 0.20092592592592592 0.9234375 0.21296296296296297 0.93125 0.21481481481481482 0.9776041666666667 0.1935185185185185 0.9994791666666667 0.1787037037037037 0.9994791666666667 0.16018518518518518 0.9671875 0.18055555555555555
3 0.9968697916666667 0 0 0 0 0.3925925925925926 0.005729166666666666 0.38981481481481484 0.027604166666666666 0.36018518518518516 0.0671875 0.31851851851851853 0.0921875 0.30092592592592593 0.10833333333333334 0.29444444444444445 0.121875 0.29259259259259257 0.140625 0.2972222222222222 0.15208333333333332 0.30462962962962964 0.1625 0.31666666666666665 0.17083333333333334 0.3314814814814815 0.18125 0.3574074074074074 0.1859375 0.3851851851851852 0.1859375 0.4027777777777778 0.18229166666666666 0.4287037037037037 0.171875 0.45 0.16927083333333334 0.46111111111111114 0.16458333333333333 0.4638888888888889 0.14791666666666667 0.4888888888888889 0.13333333333333333 0.5037037037037037 0.1078125 0.5222222222222223 0.0671875 0.5435185185185185 0.046875 0.5601851851851852 0.04375 0.5666666666666667 0.0328125 0.5777777777777777 0.0171875 0.6046296296296296 0.022916666666666665 0.6203703703703703 0.021354166666666667 0.6324074074074074 0 0.6407407407407407 0 0.9990740740740741 0.19010416666666666 0.9990740740740741 0.6119791666666666 0.75 0.746875 0.675 0.7536458333333333 0.6675925925925926 0.7979166666666667 0.6453703703703704 0.8067708333333333 0.637962962962963 0.8390625 0.6222222222222222 0.884375 0.5935185185185186 0.9994791666666667 0.5296296296296297 0.9994791666666667 0