3 0.24010416666666667 0.1537037037037037 0.24427083333333333 0.16944444444444445 0.24270833333333333 0.2111111111111111 0.24479166666666666 0.2462962962962963 0.24114583333333334 0.27870370370370373 0.24375 0.325 0.24322916666666666 0.33796296296296297 0.24114583333333334 0.3416666666666667 0.24270833333333333 0.3453703703703704 0.2390625 0.34814814814814815 0.2375 0.36203703703703705 0.234375 0.3685185185185185 0.2125 0.38981481481481484 0.2140625 0.40370370370370373 0.215625 0.4083333333333333 0.22239583333333332 0.41388888888888886 0.2375 0.41759259259259257 0.29322916666666665 0.44814814814814813 0.3359375 0.4824074074074074 0.3619791666666667 0.5111111111111111 0.378125 0.5342592592592592 0.4109375 0.5944444444444444 0.42552083333333335 0.6370370370370371 0.43854166666666666 0.6907407407407408 0.4432291666666667 0.7194444444444444 0.4427083333333333 0.7268518518518519 0.44635416666666666 0.7416666666666667 0.4473958333333333 0.7611111111111111 0.4479166666666667 0.7898148148148149 0.4453125 0.7953703703703704 0.44479166666666664 0.8083333333333333 0.44583333333333336 0.8185185185185185 0.44895833333333335 0.8222222222222222 0.44635416666666666 0.875 0.44114583333333335 0.9194444444444444 0.428125 0.9916666666666667 0.4317708333333333 0.9990740740740741 0.96875 0.9990740740740741 0.9723958333333333 0.9907407407407407 0.9880208333333333 0.9212962962962963 0.9895833333333334 0.9018518518518519 0.9880208333333333 0.8981481481481481 0.9734375 0.8972222222222223 0.9463541666666667 0.8842592592592593 0.9380208333333333 0.8731481481481481 0.9317708333333333 0.8592592592592593 0.9307291666666667 0.8324074074074074 0.9317708333333333 0.8175925925925925 0.9458333333333333 0.7851851851851852 0.9770833333333333 0.7388888888888889 0.9875 0.7296296296296296 0.9994791666666667 0.725925925925926 0.9994791666666667 0.2074074074074074 0.9411458333333333 0.20092592592592592 0.7161458333333334 0.18796296296296297 0.26614583333333336 0.14722222222222223 0.2484375 0.14722222222222223
0 0.45364583333333336 0.8037037037037037 0.453125 0.8148148148148148 0.4635416666666667 0.8138888888888889 0.47760416666666666 0.7657407407407407 0.4791666666666667 0.7527777777777778 0.47239583333333335 0.7509259259259259 0.46822916666666664 0.7546296296296297
0 0.4890625 0.6925925925925925 0.4901041666666667 0.6990740740740741 0.4984375 0.7 0.515625 0.6564814814814814 0.5166666666666667 0.649074074074074 0.5067708333333333 0.649074074074074
0 0.5291666666666667 0.5981481481481481 0.5286458333333334 0.6018518518518519 0.5322916666666667 0.6055555555555555 0.5390625 0.6027777777777777 0.5578125 0.562962962962963 0.5536458333333333 0.5601851851851852 0.5479166666666667 0.562037037037037
0 0.5744791666666667 0.5148148148148148 0.5708333333333333 0.5212962962962963 0.5723958333333333 0.525 0.58125 0.525 0.6015625 0.49074074074074076 0.5921875 0.4888888888888889
0 0.61875 0.45185185185185184 0.6161458333333333 0.4564814814814815 0.6177083333333333 0.45925925925925926 0.6244791666666667 0.4601851851851852 0.6473958333333333 0.43148148148148147 0.6401041666666667 0.42777777777777776
0 0.6703125 0.39351851851851855 0.6640625 0.4 0.6645833333333333 0.40370370370370373 0.6744791666666666 0.40370370370370373 0.6953125 0.38333333333333336 0.6958333333333333 0.37962962962962965 0.6875 0.37777777777777777
0 0.7145833333333333 0.3537037037037037 0.7135416666666666 0.35555555555555557 0.7161458333333334 0.3592592592592593 0.721875 0.3592592592592593 0.7447916666666666 0.3425925925925926 0.7458333333333333 0.3388888888888889 0.7375 0.33611111111111114
0 0.7671875 0.31574074074074077 0.7661458333333333 0.3175925925925926 0.7682291666666666 0.3212962962962963 0.7734375 0.3212962962962963 0.796875 0.3074074074074074 0.7984375 0.3037037037037037 0.7921875 0.30092592592592593
0 0.8213541666666667 0.28425925925925927 0.8213541666666667 0.28888888888888886 0.8286458333333333 0.2898148148148148 0.8536458333333333 0.2759259259259259 0.8458333333333333 0.2722222222222222
0 0.878125 0.25833333333333336 0.8765625 0.26296296296296295 0.8838541666666667 0.26481481481481484 0.9109375 0.2537037037037037 0.903125 0.25
0 0.9359375 0.23981481481481481 0.9369791666666667 0.24444444444444444 0.9463541666666667 0.24444444444444444 0.9703125 0.23796296296296296 0.9708333333333333 0.2351851851851852 0.9598958333333333 0.2324074074074074
3 0.9427083333333334 0.825925925925926 0.940625 0.8351851851851851 0.9416666666666667 0.850925925925926 0.9546875 0.8675925925925926 0.9651041666666667 0.8759259259259259 0.9817708333333334 0.8759259259259259 0.9947916666666666 0.8703703703703703 0.9994791666666667 0.8611111111111112 0.9994791666666667 0.7490740740740741 0.9854166666666667 0.7509259259259259 0.9776041666666667 0.7583333333333333 0.9770833333333333 0.762962962962963 0.971875 0.7648148148148148 0.9703125 0.7768518518518519 0.9489583333333333 0.8055555555555556
2 0.7395833333333334 0.950925925925926 0.7401041666666667 0.9990740740740741 0.7536458333333333 0.9990740740740741 0.7552083333333334 0.9805555555555555 0.7546875 0.937037037037037 0.7588541666666667 0.8694444444444445 0.7703125 0.7824074074074074 0.7796875 0.737037037037037 0.7921875 0.6916666666666667 0.8052083333333333 0.6527777777777778 0.821875 0.6138888888888889 0.8510416666666667 0.5601851851851852 0.8927083333333333 0.5046296296296297 0.9369791666666667 0.46111111111111114 0.975 0.43333333333333335 0.9994791666666667 0.4203703703703704 0.9994791666666667 0.4083333333333333 0.9526041666666667 0.4351851851851852 0.921875 0.45925925925925926 0.89375 0.4861111111111111 0.8479166666666667 0.5425925925925926 0.8130208333333333 0.6018518518518519 0.7848958333333333 0.6703703703703704 0.76875 0.7240740740740741 0.7598958333333333 0.762962962962963 0.7463541666666667 0.8425925925925926