2 0.46847826086956523 0.5846925972396487 0.45543478260869563 0.5872020075282308 0.4489130434782609 0.5947302383939774 0.45652173913043476 0.5972396486825596 0.4608695652173913 0.589711417816813 0.46956521739130436 0.588456712672522 0.4706521739130435 0.5846925972396487
0 0.8766304347826087 0.6311166875784191 0.8489130434782609 0.6323713927227101 0.8934782608695652 0.6336260978670013 0.8826086956521739 0.6311166875784191
0 0.9395967391304347 0.6323713927227101 0.9021739130434783 0.6336260978670013 0.9434782608695652 0.6361355081555834 0.9478260869565217 0.6336260978670013 0.9456521739130435 0.6323713927227101
0 0.9869565217391304 0.6323713927227101 0.9869565217391304 0.6361355081555834 0.9989130434782608 0.6361355081555834 0.9880434782608696 0.6323713927227101
0 0.9586956521739131 0.6323713927227101 0.9554347826086956 0.6348808030112923 0.9826086956521739 0.6336260978670013 0.9630434782608696 0.6323713927227101
0 0.45539021739130436 0.5997051442910916 0.46668804347826087 0.6043199498117942 0.4717282608695652 0.6027151819322459 0.45851847826086956 0.5983011292346299
0 0.47207608695652176 0.6053237139272271 0.4765956521739131 0.6035169385194479 0.49397717391304347 0.6061254705144291
1 0.1855141304347826 0.8088005018820578 0.998525 0.8267164366373903 0.998525 0.7797929736511919 0.8240967391304348 0.7021543287327477 0.2549891304347826 0.6927703889585948 0.0885445652173913 0.8053877038895859
3 0.27065217391304347 0.6072772898368883 0 0.6185696361355082 0 0.917189460476788 0.9989130434782608 0.918444165621079 0.9989130434782608 0.7754077791718946 0.9097826086956522 0.7365119196988708 0.8141304347826087 0.7001254705144291 0.7554347826086957 0.671267252195734 0.6934782608695652 0.6537013801756587 0.5782608695652174 0.6348808030112923 0.46847826086956523 0.6248431618569636 0.39565217391304347 0.6135508155583438 0.27391304347826084 0.6072772898368883
3 0.45869565217391306 0.5922208281053952 0.45543478260869563 0.5984943538268507 0.4652173913043478 0.6035131744040151 0.5369565217391304 0.6122961104140527 0.8652173913043478 0.6373902132998746 0.9989130434782608 0.671267252195734 0.9989130434782608 0.6185696361355082 0.7706521739130435 0.6185696361355082 0.6413043478260869 0.6110414052697616 0.5456521739130434 0.6010037641154329 0.5369565217391304 0.5972396486825596 0.525 0.5809284818067754 0.4706521739130435 0.5846925972396487
3 0.0004315217391304348 0.597534504391468 0.0004315217391304348 0.6075018820577164 0.1765782608695652 0.6040125470514429 0.2931456521739131 0.5965370138017566 0.46929239130434786 0.6040125470514429 0.46627065217391306 0.5825834378920953 0.2344304347826087 0.5905570890840652 0.004317391304347826 0.597534504391468
3 0.5193728260869565 0.5810878293601004 0.5241228260869565 0.5885633626097867 0.5841326086956522 0.5820853199498118 0.6955195652173913 0.5800915934755333 0.830220652173913 0.5825834378920953 0.9398804347826087 0.5895608531994981 0.9989130434782608 0.5950426599749059 0.9989130434782608 0.5905570890840652 0.8811641304347827 0.5830815558343789 0.7222869565217391 0.5761041405269761 0.6411217391304348 0.5775997490589712