0 0.23125 0.9324074074074075 0.2296875 0.9351851851851852 0.2296875 0.9481481481481482 0.23541666666666666 0.9953703703703703 0.23645833333333333 0.9990740740740741 0.24375 0.9990740740740741 0.24791666666666667 0.9916666666666667 0.24791666666666667 0.9833333333333333 0.2421875 0.9314814814814815 0.240625 0.9277777777777778 0.2375 0.9277777777777778
0 0.22552083333333334 0.8148148148148148 0.225 0.8564814814814815 0.22604166666666667 0.8712962962962963 0.22760416666666666 0.8731481481481481 0.234375 0.8703703703703703 0.2375 0.8648148148148148 0.23645833333333333 0.8101851851851852 0.23020833333333332 0.8092592592592592
0 0.2296875 0.7490740740740741 0.23020833333333332 0.7601851851851852 0.23802083333333332 0.7546296296296297 0.24114583333333334 0.7240740740740741 0.24114583333333334 0.7027777777777777 0.2375 0.7083333333333334
2 0.46770833333333334 0.5712962962962963 0.46875 0.6546296296296297 0.47552083333333334 0.7101851851851851 0.4875 0.7703703703703704 0.5015625 0.8222222222222222 0.5291666666666667 0.9009259259259259 0.5671875 0.9851851851851852 0.5755208333333334 0.9990740740740741 0.5932291666666667 0.9990740740740741 0.5625 0.9361111111111111 0.5380208333333333 0.8796296296296297 0.5098958333333333 0.7962962962962963 0.49635416666666665 0.7416666666666667 0.48541666666666666 0.6777777777777778 0.48020833333333335 0.6129629629629629 0.48020833333333335 0.5518518518518518 0.47760416666666666 0.549074074074074 0.4713541666666667 0.5509259259259259 0.46875 0.5564814814814815
0 0.46979166666666666 0.5009259259259259 0.46979166666666666 0.525 0.47760416666666666 0.5231481481481481 0.48072916666666665 0.5148148148148148 0.48072916666666665 0.4925925925925926 0.4739583333333333 0.4925925925925926
0 0.4708333333333333 0.45185185185185184 0.4713541666666667 0.4703703703703704 0.47604166666666664 0.4703703703703704 0.48125 0.4648148148148148 0.48125 0.44074074074074077 0.4734375 0.4425925925925926
0 0.47239583333333335 0.4009259259259259 0.471875 0.4203703703703704 0.47552083333333334 0.4222222222222222 0.48072916666666665 0.4185185185185185 0.48333333333333334 0.4111111111111111 0.48333333333333334 0.39351851851851855 0.47604166666666664 0.39351851851851855
0 0.4734375 0.3574074074074074 0.4739583333333333 0.3768518518518518 0.47708333333333336 0.3768518518518518 0.48333333333333334 0.36944444444444446 0.48385416666666664 0.35462962962962963 0.4822916666666667 0.3490740740740741 0.47552083333333334 0.35185185185185186
0 0.4739583333333333 0.3194444444444444 0.4739583333333333 0.33425925925925926 0.47760416666666666 0.3351851851851852 0.484375 0.32685185185185184 0.48489583333333336 0.31296296296296294 0.48385416666666664 0.3101851851851852 0.4791666666666667 0.3101851851851852
0 0.4744791666666667 0.2833333333333333 0.4744791666666667 0.2953703703703704 0.48020833333333335 0.2972222222222222 0.48489583333333336 0.2898148148148148 0.48489583333333336 0.275 0.47708333333333336 0.275
0 0.475 0.25277777777777777 0.4744791666666667 0.25833333333333336 0.4765625 0.262037037037037 0.4822916666666667 0.25925925925925924 0.48541666666666666 0.2518518518518518 0.48541666666666666 0.24074074074074073 0.48385416666666664 0.2388888888888889 0.47708333333333336 0.24259259259259258
0 0.4765625 0.21388888888888888 0.47708333333333336 0.22870370370370371 0.48541666666666666 0.22314814814814815 0.48541666666666666 0.2074074074074074 0.48020833333333335 0.2074074074074074
0 0.47760416666666666 0.1824074074074074 0.47708333333333336 0.19722222222222222 0.484375 0.19537037037037036 0.4869791666666667 0.18703703703703703 0.4869791666666667 0.1787037037037037 0.48385416666666664 0.17592592592592593
0 0.47760416666666666 0.1574074074074074 0.47760416666666666 0.1675925925925926 0.4822916666666667 0.1675925925925926 0.4869791666666667 0.1574074074074074 0.4864583333333333 0.15092592592592594 0.484375 0.14814814814814814 0.48020833333333335 0.15
0 0.4786458333333333 0.1287037037037037 0.478125 0.1398148148148148 0.48385416666666664 0.14074074074074075 0.4875 0.13333333333333333 0.4875 0.12314814814814815 0.4817708333333333 0.12314814814814815
0 0.4791666666666667 0.10462962962962963 0.4786458333333333 0.11481481481481481 0.4817708333333333 0.11666666666666667 0.4859375 0.11296296296296296 0.48802083333333335 0.1 0.48385416666666664 0.09907407407407408
0 0.48020833333333335 0.08055555555555556 0.4796875 0.09166666666666666 0.48125 0.09259259259259259 0.4875 0.08611111111111111 0.48802083333333335 0.07592592592592592 0.484375 0.075
0 0.48020833333333335 0.06018518518518518 0.4796875 0.06851851851851852 0.4822916666666667 0.0712962962962963 0.48802083333333335 0.06481481481481481 0.48854166666666665 0.05555555555555555 0.484375 0.05462962962962963
0 0.48072916666666665 0.03981481481481482 0.48072916666666665 0.049074074074074076 0.48541666666666666 0.049074074074074076 0.48802083333333335 0.04537037037037037 0.4895833333333333 0.03611111111111111 0.4875 0.032407407407407406
0 0.4817708333333333 0.021296296296296296 0.48125 0.026851851851851852 0.484375 0.030555555555555555 0.4895833333333333 0.024074074074074074 0.4901041666666667 0.018518518518518517 0.4875 0.014814814814814815
0 0.4822916666666667 0.001851851851851852 0.48125 0.009259259259259259 0.48385416666666664 0.011111111111111112 0.48802083333333335 0.008333333333333333 0.4901041666666667 0
3 0.1837796875 0.9973546296296296 0.9970239583333333 0.9973546296296296 0.9992557291666666 0.9669314814814816 0.8958333333333334 0.8955027777777778 0.7924109375 0.7870370370370371 0.7023807291666666 0.6256611111111111 0.6354166666666666 0.2116398148148148 0.7180057291666666 0.1931212962962963 0.7857140625 0.44708981481481486 0.9486609375 0.42592592592592593 0.9977677083333333 0.5462962962962963 0.9962796875 0.0026453703703703704 0.3764880208333333 0