2 0.44427083333333334 0.9287037037037037 0.44427083333333334 0.9990740740740741 0.45989583333333334 0.9990740740740741 0.4609375 0.8944444444444445 0.4661458333333333 0.8111111111111111 0.465625 0.7870370370370371 0.45625 0.7861111111111111 0.45260416666666664 0.7944444444444444
0 0.45989583333333334 0.6851851851851852 0.45729166666666665 0.7305555555555555 0.459375 0.7333333333333333 0.4703125 0.7314814814814815 0.4744791666666667 0.675 0.4734375 0.6722222222222223 0.4635416666666667 0.6722222222222223
0 0.465625 0.6101851851851852 0.46510416666666665 0.6231481481481481 0.4666666666666667 0.6268518518518519 0.47708333333333336 0.6240740740740741 0.4791666666666667 0.575925925925926 0.471875 0.575 0.46875 0.5777777777777777
0 0.4734375 0.49907407407407406 0.4708333333333333 0.5324074074074074 0.47291666666666665 0.5351851851851852 0.48125 0.5342592592592592 0.48489583333333336 0.49166666666666664 0.4765625 0.49074074074074076
0 0.47708333333333336 0.4425925925925926 0.47760416666666666 0.45555555555555555 0.4875 0.4527777777777778 0.4890625 0.4166666666666667 0.4796875 0.41944444444444445
0 0.48333333333333334 0.3574074074074074 0.4817708333333333 0.38333333333333336 0.49114583333333334 0.38425925925925924 0.49375 0.3527777777777778 0.4864583333333333 0.3509259259259259
0 0.4875 0.2962962962962963 0.4859375 0.32037037037037036 0.4875 0.32407407407407407 0.4942708333333333 0.32222222222222224 0.4979166666666667 0.2935185185185185 0.490625 0.29259259259259257
0 0.490625 0.2490740740740741 0.4901041666666667 0.26666666666666666 0.4979166666666667 0.26666666666666666 0.5005208333333333 0.24166666666666667 0.49322916666666666 0.24074074074074073
0 0.4942708333333333 0.19814814814814816 0.49375 0.21666666666666667 0.5010416666666667 0.21666666666666667 0.503125 0.1935185185185185 0.4984375 0.19166666666666668
0 0.496875 0.1527777777777778 0.496875 0.17037037037037037 0.5036458333333333 0.16944444444444445 0.5057291666666667 0.14907407407407408 0.5010416666666667 0.14722222222222223
0 0.49947916666666664 0.11203703703703703 0.4984375 0.1259259259259259 0.5005208333333333 0.1287037037037037 0.5057291666666667 0.12777777777777777 0.5078125 0.10833333333333334 0.5026041666666666 0.10740740740740741
0 0.5020833333333333 0.07407407407407407 0.5015625 0.08981481481481482 0.5088541666666667 0.08888888888888889 0.5098958333333333 0.07314814814814814 0.5046875 0.0712962962962963
0 0.5046875 0.03981481481481482 0.5041666666666667 0.05462962962962963 0.5104166666666666 0.05462962962962963 0.5119791666666667 0.03888888888888889
3 0.0662203125 0.9947092592592593 0.8772322916666667 0.9986768518518517 0.8385416666666666 0.8664018518518519 0.71875 0.1970898148148148 0.835565625 0.18650833333333333 0.976934375 0.640212037037037 0.9992557291666666 0.6375657407407408 0.995415625 0 0.34889375 0
0 0.5057291666666667 0.014814814814814815 0.5057291666666667 0.023148148148148147 0.5114583333333333 0.023148148148148147 0.5135416666666667 0.008333333333333333 0.5078125 0.008333333333333333