0 0.033854166666666664 0.6648148148148149 0.0328125 0.6685185185185185 0.035416666666666666 0.6824074074074075 0.040625 0.6833333333333333 0.07447916666666667 0.6657407407407407 0.0765625 0.6592592592592592 0.07604166666666666 0.6481481481481481 0.07447916666666667 0.6435185185185185 0.06979166666666667 0.6435185185185185 0.04479166666666667 0.6555555555555556
0 0.1125 0.6231481481481481 0.1125 0.6370370370370371 0.11458333333333333 0.6435185185185185 0.1171875 0.6444444444444445 0.15052083333333333 0.6268518518518519 0.15416666666666667 0.6185185185185185 0.15208333333333332 0.6055555555555555 0.1484375 0.6037037037037037
0 0.1875 0.5879629629629629 0.1890625 0.6027777777777777 0.19270833333333334 0.6055555555555555 0.2234375 0.5898148148148148 0.2265625 0.5842592592592593 0.22708333333333333 0.5768518518518518 0.22395833333333334 0.5675925925925925 0.21822916666666667 0.5685185185185185 0.19270833333333334 0.5814814814814815
0 0.2598958333333333 0.549074074074074 0.2604166666666667 0.5657407407407408 0.26666666666666666 0.5675925925925925 0.2942708333333333 0.5527777777777778 0.29635416666666664 0.5407407407407407 0.2921875 0.5314814814814814
0 0.32864583333333336 0.5148148148148148 0.328125 0.5287037037037037 0.3328125 0.5333333333333333 0.359375 0.5203703703703704 0.3640625 0.5101851851851852 0.3625 0.49907407407407406 0.3578125 0.4981481481481482
0 0.39427083333333335 0.48148148148148145 0.39427083333333335 0.49444444444444446 0.39791666666666664 0.5 0.42604166666666665 0.48518518518518516 0.42864583333333334 0.48055555555555557 0.42864583333333334 0.4740740740740741 0.4270833333333333 0.4666666666666667 0.4234375 0.46574074074074073
0 0.4578125 0.44907407407407407 0.4578125 0.46296296296296297 0.459375 0.4666666666666667 0.4635416666666667 0.4666666666666667 0.48854166666666665 0.4537037037037037 0.490625 0.4444444444444444 0.4875 0.43333333333333335
0 0.51875 0.4185185185185185 0.5192708333333333 0.4324074074074074 0.5229166666666667 0.4361111111111111 0.5463541666666667 0.42407407407407405 0.5494791666666666 0.4203703703703704 0.55 0.41203703703703703 0.5479166666666667 0.40370370370370373 0.5447916666666667 0.40370370370370373
0 0.5786458333333333 0.387037037037037 0.5770833333333333 0.38981481481481484 0.5776041666666667 0.40185185185185185 0.5828125 0.40555555555555556 0.6057291666666667 0.39351851851851855 0.6078125 0.38981481481481484 0.6078125 0.3814814814814815 0.6067708333333334 0.37592592592592594 0.6036458333333333 0.37407407407407406
0 0.634375 0.3592592592592593 0.634375 0.37037037037037035 0.6385416666666667 0.37592592592592594 0.6614583333333334 0.3648148148148148 0.6640625 0.35555555555555557 0.6630208333333333 0.34814814814814815 0.6598958333333333 0.3453703703703704
0 0.6901041666666666 0.33055555555555555 0.6890625 0.3398148148148148 0.6932291666666667 0.34814814814814815 0.7161458333333334 0.33611111111111114 0.7182291666666667 0.32685185185185184 0.7161458333333334 0.31851851851851853 0.7125 0.31851851851851853
0 0.7432291666666667 0.30277777777777776 0.7432291666666667 0.3175925925925926 0.7479166666666667 0.32037037037037036 0.76875 0.30833333333333335 0.7703125 0.29814814814814816 0.76875 0.2916666666666667 0.7651041666666667 0.29074074074074074
2 0.7942708333333334 0.27685185185185185 0.7958333333333333 0.2935185185185185 0.8171875 0.2851851851851852 0.8708333333333333 0.2518518518518518 0.9088541666666666 0.21944444444444444 0.9364583333333333 0.19074074074074074 0.984375 0.12685185185185185 0.9994791666666667 0.10277777777777777 0.9994791666666667 0.07685185185185185 0.9505208333333334 0.15 0.9015625 0.20462962962962963 0.85625 0.24074074074074073
3 0.9994791666666667 0 0.5755208333333334 0 0.5067708333333333 0.02962962962962963 0.4921875 0.032407407407407406 0.4708333333333333 0.04351851851851852 0.45208333333333334 0.04814814814814815 0.4354166666666667 0.05740740740740741 0.42135416666666664 0.06018518518518518 0.3640625 0.08518518518518518 0.30833333333333335 0.10462962962962963 0.30104166666666665 0.10092592592592593 0.28541666666666665 0.010185185185185186 0.2786458333333333 0.002777777777777778 0 0 0 0.48544999999999994 0.0044640625 0.4947092592592592 0.01636927083333333 0.5198416666666666 0.020089062499999998 0.5449731481481481 0.017857291666666667 0.5687833333333333 0.010416666666666666 0.5899472222222223 0.0007442708333333333 0.603175 0 0.9990740740740741 0.2557291666666667 0.9990740740740741 0.265625 0.9953703703703703 0.5432291666666667 0.8166666666666667 0.8994791666666667 0.5935185185185186 0.9307291666666667 0.5768518518518518 0.945684375 0.5714287037037037 0.9672619791666667 0.5529101851851852 0.9703125 0.5527777777777778 0.9723958333333333 0.5481481481481482 0.9932291666666667 0.5351851851851852 0.9947916666666666 0.5287037037037037 0.9994791666666667 0.5304231481481482 0.9994791666666667 0.5027777777777778
0 0.9364583333333333 0.5675925925925925 0.9354166666666667 0.5740740740740741 0.9520833333333333 0.5666666666666667 0.9666666666666667 0.5546296296296296 0.9666666666666667 0.5444444444444444 0.9630208333333333 0.5425925925925926
0 0.9942708333333333 0.5092592592592593 0.9942708333333333 0.5222222222222223 0.9994791666666667 0.5259259259259259 0.9994791666666667 0.5046296296296297