2 0.2684782608695652 0.5972396486825596 0.32717391304347826 0.6035131744040151 0.4358695652173913 0.6060225846925973 0.5315217391304348 0.6185696361355082 0.5684782608695652 0.6298619824341279 0.5782608695652174 0.6373902132998746 0.5826086956521739 0.6486825595984943 0.5945652173913043 0.6486825595984943 0.5891304347826087 0.6336260978670013 0.5717391304347826 0.6235884567126725 0.5228260869565218 0.6110414052697616 0.4097826086956522 0.5997490589711418
0 0.6797858695652174 0.6188870765370138 0.6898358695652174 0.6216160602258469 0.691313043478261 0.6171806775407779 0.6845152173913044 0.6161580928481807
0 0.669441304347826 0.6161580928481807 0.6771260869565218 0.6171806775407779 0.6806728260869566 0.6134278544542032 0.6747619565217391 0.612405269761606
0 0.6514130434782608 0.6137691342534504 0.6638260869565218 0.6130865746549561 0.6658945652173913 0.6089924717691343 0.6549597826086956 0.610357590966123 0.6505260869565218 0.6171806775407779
0 0.6425456521739131 0.612405269761606 0.6514130434782608 0.6117227101631116 0.6531858695652174 0.607969887076537 0.6460923913043478 0.6062634880803012
0 0.6277673913043479 0.6083111668757842 0.6410684782608695 0.6083111668757842 0.6407728260869565 0.6059222082810539 0.6313141304347826 0.6045583437892096
0 0.611216304347826 0.6055809284818068 0.6248119565217392 0.6059222082810539 0.6251076086956522 0.6038757841907152 0.6138760869565217 0.6025106649937265
0 0.597029347826087 0.6018281053952321 0.6070782608695652 0.6052396486825595 0.610625 0.6031932245922208 0.6035315217391305 0.6018281053952321
0 0.5884586956521739 0.6025106649937265 0.5940739130434782 0.6031932245922208 0.5985076086956521 0.5980752823086575 0.5896413043478261 0.5997816813048934
0 0.5742739130434783 0.6017728983688833 0.5860108695652174 0.6017728983688833 0.5855923913043478 0.5983851944792974 0.5756717391304348 0.5985470514429109
0 0.5566684782608695 0.6004818067754077 0.5723184782608696 0.6006436637390213 0.5741347826086955 0.5964491844416562 0.5608608695652173 0.5961267252195734
0 0.542975 0.597900878293601 0.5570880434782608 0.5970953575909661 0.5552717391304348 0.595159347553325 0.5432554347826087 0.5964491844416562
0 0.5273260869565217 0.5975784190715182 0.5415782608695652 0.5980627352572145 0.5424163043478261 0.5937076537013802 0.5308195652173913 0.5933851944792974
3 0.3239130434782609 0.5947302383939774 0.3217391304347826 0.5984943538268507 0.3521739130434783 0.6085319949811794 0.3826086956521739 0.6072772898368883 0.3826086956521739 0.6122961104140527 0.425 0.617314930991217 0.44130434782608696 0.6260978670012547 0.44456521739130433 0.6361355081555834 0.4260869565217391 0.6499372647427855 0.4 0.6587202007528231 0.29782608695652174 0.6800501882057717 0.09239130434782608 0.7063989962358845 0 0.71267252195734 0 0.9159347553324969 0.9989130434782608 0.917189460476788 0.9989130434782608 0.6913425345043914 0.8891304347826087 0.6775407779171895 0.7913043478260869 0.6587202007528231 0.7326086956521739 0.6411543287327478 0.6945652173913044 0.6223337515683814 0.6956521739130435 0.617314930991217 0.7097826086956521 0.6085319949811794 0.7695652173913043 0.6010037641154329 0.7706521739130435 0.5959849435382685 0.6543478260869565 0.5922208281053952 0.5815217391304348 0.5959849435382685
3 0.003375 0.5944918444165621 0.0027 0.6038406524466751 0.3199413043478261 0.6085156838143037 0.3827141304347826 0.613969887076537 0.3752891304347826 0.5898168130489335
3 0.745854347826087 0.5898168130489335 0.7478793478260869 0.6077365119196989 0.9247239130434782 0.6046198243412798 0.9989130434782608 0.6077365119196989 0.9989130434782608 0.600723964868256 0.9098739130434782 0.5937126725219574