2 0.22934782608695653 0.5947302383939774 0.20434782608695654 0.5984943538268507 0.225 0.6022584692597239 0.23695652173913043 0.5984943538268507
2 0.24456521739130435 0.5959849435382685 0.24239130434782608 0.5984943538268507 0.2510869565217391 0.6022584692597239 0.3847826086956522 0.6060225846925973 0.4326086956521739 0.6148055207026348 0.4467391304347826 0.6210790464240903 0.45217391304347826 0.6323713927227101 0.46195652173913043 0.6286072772898369 0.45760869565217394 0.6185696361355082 0.41304347826086957 0.6047678795483061 0.4043478260869565 0.6035131744040151 0.3967391304347826 0.6085319949811794 0.3934782608695652 0.6022584692597239 0.35543478260869565 0.5984943538268507
0 0.5377282608695652 0.6094529485570891 0.5483532608695653 0.609702634880803 0.5494369565217392 0.6074504391468005 0.5461847826086956 0.605948557089084 0.538595652173913 0.6067001254705144
0 0.5370782608695652 0.6064491844416562 0.5286217391304348 0.6064491844416562 0.5312239130434783 0.6046976160602259 0.538379347826087 0.6041969887076537
0 0.5221173913043479 0.6056988707653702 0.527754347826087 0.6056988707653702 0.5307902173913044 0.6031957340025095 0.526020652173913 0.6031957340025095 0.5214663043478261 0.6036963613550815
0 0.5095413043478261 0.6029447929736512 0.5166967391304348 0.6031957340025095 0.5225510869565217 0.602444165621079 0.5258032608695652 0.6004429109159347 0.5160456521739131 0.6001919698870766
0 0.5010847826086956 0.6021944792973651 0.5110586956521739 0.6014429109159348 0.5123597826086956 0.5989410288582183 0.5028195652173914 0.6001919698870766
0 0.4876423913043478 0.5991907151819322 0.5006510869565217 0.5999422835633627 0.5006510869565217 0.5974391468005019 0.4915445652173913 0.5976888331242158
0 0.4772347826086956 0.598189460476788 0.48699130434782606 0.5976888331242158 0.48720869565217395 0.5971882057716437 0.48135434782608694 0.5951856963613551
0 0.46574239130434786 0.5961869510664993 0.4765836956521739 0.5964378920953576 0.47528260869565214 0.5934341279799247 0.4679108695652174 0.594435382685069
0 0.4531663043478261 0.5966875784190715 0.464875 0.5976888331242158 0.4635739130434783 0.5936850690087829 0.4564184782608695 0.5936850690087829
0 0.4405902173913044 0.5936850690087829 0.45164891304347826 0.5941856963613551 0.4494804347826087 0.5911819322459222 0.4405902173913044 0.5916825595984944
0 0.4271478260869565 0.5939347553324968 0.4390728260869565 0.5936850690087829 0.4382054347826087 0.5909309912170639 0.42844891304347826 0.5916825595984944
0 0.41305326086956523 0.5919322459222083 0.4273641304347826 0.5924328732747804 0.42562934782608697 0.5909309912170639 0.41478804347826087 0.5896800501882058
0 0.39852608695652175 0.5931844416562108 0.41066847826086955 0.5929335006273525 0.4093673913043478 0.5914316185696361 0.39917717391304347 0.5896800501882058
0 0.3816141304347826 0.5919322459222083 0.39570760869565214 0.5914316185696361 0.39440652173913043 0.5889284818067754
1 0.8166434782608696 0.5884617314930991 0.8065119565217391 0.5941430363864492 0.9590717391304348 0.6001580928481807 0.9500978260869566 0.5928055207026349
3 0.003260869565217391 0.5959849435382685 0 0.5972396486825596 0 0.6085319949811794 0.011956521739130435 0.6085319949811794 0.08513043478260869 0.6040915934755333 0.21148152173913043 0.6061606022584692 0.31543043478260874 0.6113324968632372 0.33514456521739133 0.6247804265997491 0.269729347826087 0.6485721455457968 0.01576086956521739 0.6800501882057717 0 0.6813048933500627 0 0.917189460476788 0.9989130434782608 0.917189460476788 0.9989130434782608 0.6649937264742786 0.9902173913043478 0.6612296110414053 0.7956521739130434 0.6587202007528231 0.6858695652173913 0.6461731493099122 0.5934782608695652 0.6298619824341279 0.5511076086956522 0.6134015056461731 0.5681336956521739 0.5999548306148055 0.6909000000000001 0.5937478042659975 0.8836891304347826 0.6030075282308657 0.9989130434782608 0.615805520702635 0.9989130434782608 0.5969849435382686 0.7519510869565217 0.5841869510664993 0.5520032608695652 0.5885759096612296 0.44456521739130433 0.5922208281053952 0.04673913043478261 0.5947302383939774 0.02217391304347826 0.5932208281053952