2 0.9923913043478261 0.6762860727728983 0.9141304347826087 0.6825595984943539 0.841304347826087 0.6938519447929736 0.7858695652173913 0.7076537013801757 0.7065217391304348 0.7365119196988708 0.6282608695652174 0.7754077791718946 0.5771739130434783 0.8067754077791719 0.49782608695652175 0.8619824341279799 0.4282608695652174 0.918444165621079 0.47934782608695653 0.917189460476788 0.5478260869565217 0.8582183186951067 0.6130434782608696 0.8092848180677541 0.6706521739130434 0.7728983688833124 0.7391304347826086 0.7377666248431619 0.8391304347826087 0.7038895859473023 0.9097826086956522 0.6900878293601004 0.9989130434782608 0.6825595984943539 0.9989130434782608 0.6762860727728983
0 0.4380434782608696 0.657465495608532 0.42717391304347824 0.6587202007528231 0.4206521739130435 0.6637390213299874 0.4380434782608696 0.6624843161856964 0.4434782608695652 0.657465495608532
0 0.4706521739130435 0.6524466750313677 0.4543478260869565 0.6537013801756587 0.45217391304347826 0.657465495608532 0.46956521739130436 0.657465495608532 0.4782608695652174 0.6524466750313677
0 0.5119565217391304 0.6474278544542033 0.48695652173913045 0.6511919698870765 0.4989130434782609 0.6537013801756587 0.5130434782608696 0.6486825595984943
0 0.5396739130434782 0.64366373902133 0.533695652173913 0.64366373902133 0.532608695652174 0.644918444165621 0.525 0.644918444165621 0.5228260869565218 0.6474278544542033 0.5260869565217391 0.6474278544542033 0.5271739130434783 0.6486825595984943 0.5369565217391304 0.6486825595984943 0.5380434782608695 0.6474278544542033 0.5456521739130434 0.6474278544542033 0.5467391304347826 0.6461731493099122 0.5456521739130434 0.64366373902133
0 0.566304347826087 0.6398996235884568 0.5652173913043478 0.6411543287327478 0.5597826086956522 0.6411543287327478 0.5576086956521739 0.64366373902133 0.5597826086956522 0.64366373902133 0.5608695652173913 0.644918444165621 0.5728260869565217 0.644918444165621 0.5739130434782609 0.64366373902133 0.5836956521739131 0.64366373902133 0.5804347826086956 0.6398996235884568 0.5717391304347826 0.6398996235884568 0.5706521739130435 0.6411543287327478 0.5695652173913044 0.6398996235884568
0 0.6038043478260869 0.6386449184441656 0.5978260869565217 0.6386449184441656 0.5967391304347827 0.6398996235884568 0.5934782608695652 0.6398996235884568 0.5934782608695652 0.6411543287327478 0.5967391304347827 0.6411543287327478 0.5978260869565217 0.6424090338770388 0.6119565217391304 0.6424090338770388 0.6130434782608696 0.6411543287327478 0.616304347826087 0.6411543287327478 0.6173913043478261 0.6398996235884568 0.6152173913043478 0.6386449184441656 0.6108695652173913 0.6398996235884568 0.6097826086956522 0.6386449184441656
0 0.6304347826086957 0.6361355081555834 0.6282608695652174 0.6373902132998746 0.6282608695652174 0.6398996235884568 0.6293478260869565 0.6411543287327478 0.6434782608695652 0.6411543287327478 0.6445652173913043 0.6398996235884568 0.6510869565217391 0.6398996235884568 0.6521739130434783 0.6386449184441656 0.6521739130434783 0.6373902132998746 0.65 0.6361355081555834 0.6456521739130435 0.6361355081555834 0.6445652173913043 0.6373902132998746 0.6315217391304347 0.6373902132998746
0 0.6760869565217391 0.6348808030112923 0.6630434782608695 0.6361355081555834 0.6630434782608695 0.6398996235884568 0.6793478260869565 0.6398996235884568 0.6804347826086956 0.6386449184441656 0.6858695652173913 0.6386449184441656 0.6869565217391305 0.6373902132998746 0.6869565217391305 0.6361355081555834 0.6826086956521739 0.6361355081555834 0.6815217391304348 0.6348808030112923
0 0.6989130434782609 0.6348808030112923 0.6967391304347826 0.6361355081555834 0.6967391304347826 0.6373902132998746 0.6989130434782609 0.6386449184441656 0.7130434782608696 0.6386449184441656 0.7141304347826087 0.6373902132998746 0.7217391304347827 0.6373902132998746 0.7228260869565217 0.6361355081555834 0.7206521739130435 0.6361355081555834 0.7195652173913043 0.6348808030112923 0.7184782608695652 0.6361355081555834 0.7152173913043478 0.6361355081555834 0.7141304347826087 0.6348808030112923 0.7108695652173913 0.6348808030112923 0.7097826086956521 0.6361355081555834 0.7076086956521739 0.6348808030112923 0.7043478260869566 0.6348808030112923 0.7021739130434783 0.6361355081555834 0.7010869565217391 0.6348808030112923
0 0.7391304347826086 0.6336260978670013 0.7336956521739131 0.6361355081555834 0.758695652173913 0.6361355081555834 0.7423913043478261 0.6336260978670013
0 0.7872282608695652 0.6336260978670013 0.7684782608695652 0.6336260978670013 0.7739130434782608 0.6373902132998746 0.7902173913043479 0.6373902132998746 0.7934782608695652 0.6336260978670013
0 0.8241847826086957 0.6336260978670013 0.8054347826086956 0.6336260978670013 0.8097826086956522 0.6373902132998746 0.8304347826086956 0.6373902132998746 0.8304347826086956 0.6336260978670013
0 0.8478260869565217 0.6336260978670013 0.8467391304347827 0.6373902132998746 0.8717391304347826 0.6361355081555834 0.8521739130434782 0.6336260978670013
0 0.903804347826087 0.6348808030112923 0.883695652173913 0.6361355081555834 0.9 0.6398996235884568 0.9152173913043479 0.6373902132998746 0.9097826086956522 0.6348808030112923
0 0.9282608695652174 0.6348808030112923 0.925 0.6361355081555834 0.9282608695652174 0.6398996235884568 0.9565217391304348 0.6398996235884568 0.9554347826086956 0.6361355081555834 0.9369565217391305 0.6348808030112923
3 0.004347826086956522 0.820577164366374 0 0.823086574654956 0 0.9159347553324969 0.009782608695652175 0.917189460476788 0.4173728260869565 0.917189460476788 0.43369565217391304 0.9134253450439147 0.4489130434782609 0.918444165621079 0.4815217391304348 0.9146800501882058 0.6043478260869565 0.918444165621079 0.9989130434782608 0.917189460476788 0.9989130434782608 0.6398996235884568 0.908695652173913 0.6373902132998746 0.7902173913043479 0.6198243412797992 0.7641304347826087 0.6060225846925973 0.7695652173913043 0.5947302383939774 0.7467391304347826 0.5909661229611042 0.6010869565217392 0.5947302383939774 0.4815217391304348 0.64366373902133 0.4076086956521739 0.6675031367628608
3 0.7378782608695652 0.5859196988707653 0.7707771739130435 0.6012910915934755 0.8428423913043478 0.5994830614805521 0.9501554347826088 0.5958657465495608 0.994804347826087 0.5994830614805521 0.996370652173913 0.592249686323714