0 0.5184782608695652 0.877038895859473 0.48695652173913045 0.8845671267252195 0.48695652173913045 0.8895859473023839 0.5054347826086957 0.918444165621079 0.5478260869565217 0.918444165621079 0.5413043478260869 0.904642409033877 0.5195652173913043 0.8782936010037641
0 0.4489130434782609 0.8030112923462986 0.43043478260869567 0.8092848180677541 0.46956521739130436 0.863237139272271 0.47391304347826085 0.8657465495608532 0.5021739130434782 0.8594730238393977 0.4989130434782609 0.849435382685069 0.45543478260869563 0.8030112923462986
0 0.40054347826086956 0.7578419071518193 0.3858695652173913 0.7628607277289837 0.4141304347826087 0.7929736511919699 0.41956521739130437 0.7967377666248432 0.4434782608695652 0.7929736511919699 0.44021739130434784 0.7854454203262233 0.40652173913043477 0.7578419071518193
0 0.35543478260869565 0.726474278544542 0.34456521739130436 0.7302383939774153 0.3760869565217391 0.7540777917189461 0.39456521739130435 0.7515683814303639 0.3847826086956522 0.740276035131744 0.36086956521739133 0.726474278544542
0 0.2440217391304348 0.6775407779171895 0.23695652173913043 0.6775407779171895 0.23478260869565218 0.6813048933500627 0.2510869565217391 0.685069008782936 0.2565217391304348 0.6813048933500627 0.2510869565217391 0.6775407779171895
0 0.20217391304347826 0.6687578419071518 0.19891304347826086 0.671267252195734 0.21304347826086956 0.6762860727728983 0.2358695652173913 0.6762860727728983 0.20978260869565218 0.6687578419071518
0 0.16304347826086957 0.6599749058971142 0.16304347826086957 0.6637390213299874 0.17608695652173914 0.6675031367628608 0.1967391304347826 0.6675031367628608 0.16630434782608697 0.6599749058971142
0 0.12934782608695652 0.6562107904642409 0.12065217391304348 0.657465495608532 0.15760869565217392 0.6612296110414053 0.13695652173913042 0.6562107904642409
0 0.09782608695652174 0.6524466750313677 0.07934782608695652 0.6537013801756587 0.11521739130434783 0.6562107904642409 0.10326086956521739 0.6524466750313677
0 0.060434782608695656 0.6486825595984943 0.03369565217391304 0.6499372647427855 0.051086956521739134 0.6537013801756587 0.075 0.6511919698870765 0.06630434782608696 0.6486825595984943
2 0.2576086956521739 0.6813048933500627 0.25217391304347825 0.685069008782936 0.33695652173913043 0.726474278544542 0.34347826086956523 0.7277289836888331 0.35543478260869565 0.7227101631116688 0.3521739130434783 0.7164366373902133 0.26413043478260867 0.6813048933500627
2 0.2510869565217391 0.6825595984943539 0.2510869565217391 0.6863237139272271 0.34130434782608693 0.7277289836888331 0.3804347826086957 0.7139272271016311 0.46304347826086956 0.6963613550815558 0.5717391304347826 0.6875784190715182 0.9989130434782608 0.6888331242158093 0.9989130434782608 0.6800501882057717
3 0.01956521739130435 0.64366373902133 0 0.6486825595984943 0 0.9196988707653702 0.4967391304347826 0.9196988707653702 0.5021739130434782 0.9146800501882058 0.5152173913043478 0.9146800501882058 0.5184782608695652 0.903387703889586 0.5271739130434783 0.903387703889586 0.5315217391304348 0.9121706398996235 0.5467391304347826 0.9121706398996235 0.558695652173913 0.9196988707653702 0.8880434782608696 0.918444165621079 0.8989130434782608 0.9121706398996235 0.907608695652174 0.9146800501882058 0.9054347826086957 0.890840652446675 0.9108695652173913 0.8795483061480552 0.908695652173913 0.875784190715182 0.9141304347826087 0.8644918444165621 0.9184782608695652 0.8657465495608532 0.9239130434782609 0.848180677540778 0.9315217391304348 0.8393977415307403 0.9391304347826087 0.8381430363864492 0.9445652173913044 0.8255959849435383 0.9521739130434783 0.8243412797992472 0.9728260869565217 0.8067754077791719 0.9989130434782608 0.795483061480552 0.9989130434782608 0.6649937264742786 0.9956521739130435 0.6562107904642409 0.9815217391304348 0.6499372647427855 0.9043478260869565 0.6474278544542033 0.8934782608695652 0.6511919698870765 0.8902173913043478 0.6474278544542033 0.8532608695652174 0.6524466750313677 0.842391304347826 0.6474278544542033 0.8239130434782609 0.6511919698870765 0.8206521739130435 0.6474278544542033 0.7684782608695652 0.6499372647427855 0.758695652173913 0.6461731493099122 0.7402173913043478 0.6511919698870765 0.7043478260869566 0.6461731493099122 0.6956521739130435 0.6461731493099122 0.691304347826087 0.6511919698870765 0.6804347826086956 0.6474278544542033 0.4902173913043478 0.6499372647427855 0.425 0.6461731493099122 0.4097826086956522 0.6511919698870765 0.37717391304347825 0.6461731493099122 0.15543478260869564 0.6474278544542033 0.14021739130434782 0.64366373902133 0.13369565217391305 0.6474278544542033 0.06739130434782609 0.6424090338770388 0.04565217391304348 0.6424090338770388 0.035869565217391305 0.6499372647427855