0 0.8260869565217391 0.8431618569636136 0.8228260869565217 0.8444165621079046 0.825 0.848180677540778 0.8869565217391304 0.890840652446675 0.9271739130434783 0.8870765370138017 0.9195652173913044 0.8782936010037641 0.8576086956521739 0.8406524466750314
0 0.9739130434782609 0.9473023839397742 0.9706521739130435 0.9485570890840652 0.975 0.9535759096612296 0.9989130434782608 0.9686323713927227 0.9989130434782608 0.9473023839397742
0 0.7478260869565218 0.7929736511919699 0.7467391304347826 0.7979924717691342 0.7913043478260869 0.8255959849435383 0.8228260869565217 0.820577164366374 0.7760869565217391 0.7917189460476788
0 0.6869565217391305 0.7578419071518193 0.6847826086956522 0.7616060225846926 0.716304347826087 0.7804265997490589 0.7445652173913043 0.7779171894604768 0.7108695652173913 0.7565872020075283
0 0.6380434782608696 0.7314930991217063 0.6358695652173914 0.7340025094102886 0.6402173913043478 0.7377666248431619 0.658695652173913 0.7478042659974906 0.6858695652173913 0.7478042659974906 0.657608695652174 0.7302383939774153
0 0.5978260869565217 0.71267252195734 0.5967391304347827 0.7164366373902133 0.6195652173913043 0.726474278544542 0.6369565217391304 0.7239648682559598 0.6184782608695653 0.71267252195734
0 0.5597826086956522 0.6976160602258469 0.5771739130434783 0.7076537013801757 0.5902173913043478 0.7076537013801757 0.5945652173913043 0.7026348808030113 0.5739130434782609 0.6951066499372648
0 0.5271739130434783 0.6838143036386449 0.5282608695652173 0.6888331242158093 0.5402173913043479 0.6925972396486826 0.5565217391304348 0.6913425345043914 0.5391304347826087 0.6825595984943539
0 0.4945652173913043 0.6725219573400251 0.4934782608695652 0.6775407779171895 0.5228260869565218 0.6800501882057717 0.5065217391304347 0.6725219573400251
0 0.4641304347826087 0.6637390213299874 0.46304347826086956 0.6675031367628608 0.47391304347826085 0.671267252195734 0.4891304347826087 0.671267252195734 0.48043478260869565 0.6649937264742786
0 0.4369565217391304 0.657465495608532 0.4423913043478261 0.6624843161856964 0.4597826086956522 0.6612296110414053
0 0.4076086956521739 0.6524466750313677 0.4108695652173913 0.6562107904642409 0.43043478260869567 0.6549560853199499
0 0.3815217391304348 0.6461731493099122 0.3793478260869565 0.6486825595984943 0.38369565217391305 0.6511919698870765 0.4 0.6511919698870765
0 0.3521739130434783 0.6424090338770388 0.35978260869565215 0.6474278544542033 0.36195652173913045 0.64366373902133 0.3706521739130435 0.6461731493099122
0 0.33804347826086956 0.6398996235884568 0.32065217391304346 0.6398996235884568 0.3391304347826087 0.64366373902133
0 0.3032608695652174 0.6373902132998746 0.28804347826086957 0.6398996235884568 0.30978260869565216 0.6398996235884568
0 0.26521739130434785 0.6348808030112923 0.2543478260869565 0.6361355081555834 0.2608695652173913 0.6398996235884568 0.28043478260869564 0.6373902132998746
2 0.006521739130434782 0.6938519447929736 0 0.6938519447929736 0 0.7026348808030113 0.08369565217391305 0.7302383939774153 0.11195652173913044 0.7465495608531995 0.1423913043478261 0.7728983688833124 0.1608695652173913 0.7992471769134254 0.17717391304347826 0.8406524466750314 0.18369565217391304 0.917189460476788 0.23043478260869565 0.918444165621079 0.22608695652173913 0.8732747804265998 0.2141304347826087 0.8306148055207027 0.2 0.8017565872020075 0.175 0.7691342534504392 0.14891304347826087 0.7478042659974906 0.11195652173913044 0.726474278544542
3 0.025 0.6398996235884568 0 0.6411543287327478 0 0.918444165621079 0.1815217391304348 0.9146800501882058 0.21521739130434783 0.918444165621079 0.9434782608695652 0.917189460476788 0.95 0.9109159347553325 0.9130434782608695 0.8732747804265998 0.8815217391304347 0.820577164366374 0.8673913043478261 0.7804265997490589 0.8684782608695653 0.7565872020075283 0.8847826086956522 0.7302383939774153 0.9097826086956522 0.7139272271016311 0.9608695652173913 0.6976160602258469 0.9989130434782608 0.6913425345043914 0.9989130434782608 0.6286072772898369 0.9836956521739131 0.6273525721455459 0.4532608695652174 0.6373902132998746 0.40543478260869564 0.6348808030112923 0.3347826086956522 0.6398996235884568