0 0.06666666666666667 0.6462962962962963 0.06666666666666667 0.6509259259259259 0.07135416666666666 0.65 0.1015625 0.6268518518518519 0.10833333333333334 0.6166666666666667 0.10625 0.6055555555555555 0.10052083333333334 0.6046296296296296 0.08802083333333334 0.6148148148148148
0 0.14010416666666667 0.5740740740740741 0.13697916666666668 0.5796296296296296 0.13697916666666668 0.5861111111111111 0.14010416666666667 0.5935185185185186 0.14479166666666668 0.5925925925925926 0.17552083333333332 0.5675925925925925 0.1796875 0.562037037037037 0.18020833333333333 0.5527777777777778 0.17864583333333334 0.5462962962962963 0.175 0.5453703703703704
0 0.4421875 0.7981481481481482 0.4421875 0.8009259259259259 0.44583333333333336 0.8 0.48020833333333335 0.7675925925925926 0.48385416666666664 0.7620370370370371 0.484375 0.7555555555555555 0.48125 0.75 0.47760416666666666 0.7509259259259259
0 0.5125 0.7027777777777777 0.5119791666666667 0.7083333333333334 0.5145833333333333 0.7138888888888889 0.5197916666666667 0.7138888888888889 0.5520833333333334 0.6611111111111111 0.5505208333333333 0.6509259259259259 0.5463541666666667 0.65 0.5432291666666667 0.6537037037037037
0 0.584375 0.5796296296296296 0.5744791666666667 0.5990740740740741 0.5776041666666667 0.6092592592592593 0.58125 0.6092592592592593 0.5953125 0.5851851851851851 0.609375 0.5564814814814815 0.6104166666666667 0.5472222222222223 0.60625 0.5416666666666666 0.6026041666666667 0.5444444444444444
0 0.6296875 0.48518518518518516 0.6291666666666667 0.4925925925925926 0.6317708333333333 0.49722222222222223 0.6380208333333334 0.49444444444444446 0.6609375 0.43796296296296294 0.6578125 0.42962962962962964 0.6520833333333333 0.43148148148148147
0 0.675 0.36944444444444446 0.6739583333333333 0.37407407407407406 0.6760416666666667 0.37962962962962965 0.6786458333333333 0.3824074074074074 0.6828125 0.3787037037037037 0.7010416666666667 0.325 0.7026041666666667 0.3175925925925926 0.7010416666666667 0.31296296296296294 0.6942708333333333 0.31296296296296294
0 0.7125 0.2462962962962963 0.7135416666666666 0.25833333333333336 0.7177083333333333 0.2601851851851852 0.7203125 0.2574074074074074 0.7348958333333333 0.20185185185185187 0.7359375 0.19444444444444445 0.734375 0.19074074074074074 0.7296875 0.18888888888888888 0.7265625 0.1935185185185185
0 0.7505208333333333 0.07222222222222222 0.740625 0.125 0.7411458333333333 0.13148148148148148 0.7442708333333333 0.13518518518518519 0.7479166666666667 0.13518518518518519 0.7515625 0.12685185185185185 0.7614583333333333 0.06759259259259259 0.7588541666666667 0.06296296296296296 0.7546875 0.06296296296296296
0 0.771875 0 0.7614583333333333 0.001851851851851852 0.76875 0.007407407407407408
2 0.21041666666666667 0.5175925925925926 0.20833333333333334 0.5212962962962963 0.209375 0.5333333333333333 0.21666666666666667 0.5351851851851852 0.265625 0.49537037037037035 0.30885416666666665 0.4546296296296296 0.3671875 0.38796296296296295 0.41875 0.3148148148148148 0.46510416666666665 0.23148148148148148 0.50625 0.13796296296296295 0.5333333333333333 0.06018518518518518 0.546875 0.012037037037037037 0.5484375 0 0.5375 0 0.5239583333333333 0.05 0.48541666666666666 0.15648148148148147 0.44166666666666665 0.24814814814814815 0.4046875 0.3111111111111111 0.37447916666666664 0.35462962962962963 0.3177083333333333 0.42314814814814816 0.2635416666666667 0.4740740740740741
3 0.24479166666666666 0 0.2 0.053703703703703705 0.16354166666666667 0.08703703703703704 0.12447916666666667 0.11574074074074074 0 0.19537037037037036 0 0.45555555555555555 0.011458333333333333 0.4425925925925926 0.015625 0.43148148148148147 0.025520833333333333 0.42592592592592593 0.029166666666666667 0.4166666666666667 0.033854166666666664 0.41574074074074074 0.036458333333333336 0.4111111111111111 0.04635416666666667 0.40925925925925927 0.050520833333333334 0.4046296296296296 0.07604166666666666 0.40370370370370373 0.0984375 0.4185185185185185 0.11145833333333334 0.4361111111111111 0.12083333333333333 0.45555555555555555 0.12552083333333333 0.48055555555555557 0.12447916666666667 0.5138888888888888 0.11875 0.5435185185185185 0.10416666666666667 0.587037037037037 0.0953125 0.6018518518518519 0.09479166666666666 0.6083333333333333 0.08697916666666666 0.6175925925925926 0.07708333333333334 0.6370370370370371 0.07239583333333334 0.6398148148148148 0.065625 0.6555555555555556 0.05364583333333333 0.6666666666666666 0.04895833333333333 0.6759259259259259 0.04739583333333333 0.6861111111111111 0.04010416666666667 0.687037037037037 0.0328125 0.6972222222222222 0.029166666666666667 0.7064814814814815 0.030208333333333334 0.7111111111111111 0.023958333333333335 0.7166666666666667 0.013020833333333334 0.7444444444444445 0.011458333333333333 0.7555555555555555 0.0067708333333333336 0.7648148148148148 0.0046875 0.7759259259259259 0 0.7787037037037037 0 0.9990740740740741 0.23489583333333333 0.9990740740740741 0.240625 0.9953703703703703 0.41510416666666666 0.8287037037037037 0.4390625 0.8027777777777778 0.46979166666666666 0.7777777777777778 0.48802083333333335 0.7537037037037037 0.49895833333333334 0.7472222222222222 0.5192708333333333 0.7240740740740741 0.5265625 0.7203703703703703 0.5348958333333333 0.7092592592592593 0.5536458333333333 0.6944444444444444 0.6125 0.6361111111111111 0.6921875 0.562962962962963 0.9473958333333333 0.3148148148148148 0.9994791666666667 0.2675925925925926 0.9994791666666667 0