2 0.15260416666666668 0.9953703703703703 0.1515625 0.9990740740740741 0.16927083333333334 0.9990740740740741 0.21041666666666667 0.9351851851851852 0.21302083333333333 0.9287037037037037 0.2109375 0.9194444444444444 0.20885416666666667 0.9166666666666666 0.20364583333333333 0.9185185185185185
0 0.2375 0.8666666666666667 0.2390625 0.8796296296296297 0.24114583333333334 0.8833333333333333 0.2453125 0.8814814814814815 0.26979166666666665 0.8435185185185186 0.26979166666666665 0.8333333333333334 0.26510416666666664 0.825925925925926 0.2625 0.8277777777777777
0 0.2947916666666667 0.7787037037037037 0.29322916666666665 0.7851851851851852 0.29635416666666664 0.7944444444444444 0.30104166666666665 0.7953703703703704 0.3255208333333333 0.7574074074074074 0.3255208333333333 0.7481481481481481 0.32083333333333336 0.7407407407407407 0.3177083333333333 0.7435185185185185
0 0.3489583333333333 0.6972222222222222 0.35208333333333336 0.7101851851851851 0.3567708333333333 0.7101851851851851 0.3802083333333333 0.6731481481481482 0.3802083333333333 0.6657407407407407 0.3765625 0.6583333333333333 0.3729166666666667 0.6592592592592592
0 0.40208333333333335 0.6157407407407407 0.4036458333333333 0.625 0.4083333333333333 0.6296296296296297 0.4322916666666667 0.5925925925925926 0.4317708333333333 0.5833333333333334 0.42864583333333334 0.5777777777777777 0.42552083333333335 0.5787037037037037
0 0.45364583333333336 0.5361111111111111 0.45416666666666666 0.5462962962962963 0.45989583333333334 0.5509259259259259 0.4822916666666667 0.5148148148148148 0.4828125 0.5083333333333333 0.48072916666666665 0.5027777777777778 0.47552083333333334 0.5018518518518519
0 0.503125 0.45925925925925926 0.503125 0.4685185185185185 0.5088541666666667 0.475 0.53125 0.4398148148148148 0.5296875 0.4287037037037037 0.5255208333333333 0.42592592592592593
0 0.5515625 0.3851851851851852 0.5505208333333333 0.39351851851851855 0.5526041666666667 0.3990740740740741 0.5583333333333333 0.3990740740740741 0.5786458333333333 0.36666666666666664 0.578125 0.3592592592592593 0.5744791666666667 0.3527777777777778 0.5708333333333333 0.35462962962962963
0 0.5979166666666667 0.3138888888888889 0.5984375 0.325 0.6015625 0.3296296296296296 0.6041666666666666 0.3287037037037037 0.6244791666666667 0.2962962962962963 0.6239583333333333 0.28703703703703703 0.6203125 0.2814814814814815 0.6182291666666667 0.2824074074074074
0 0.6442708333333333 0.24166666666666667 0.6427083333333333 0.24444444444444444 0.64375 0.25462962962962965 0.6463541666666667 0.25833333333333336 0.6505208333333333 0.2564814814814815 0.6682291666666667 0.22962962962962963 0.6697916666666667 0.225 0.6682291666666667 0.21666666666666667 0.6630208333333333 0.21388888888888888
0 0.6880208333333333 0.175 0.6869791666666667 0.1824074074074074 0.6921875 0.19074074074074074 0.7119791666666667 0.16203703703703703 0.7135416666666666 0.15462962962962962 0.7104166666666667 0.14629629629629629 0.70625 0.14722222222222223
0 0.7307291666666667 0.10925925925925926 0.7307291666666667 0.12037037037037036 0.7333333333333333 0.12407407407407407 0.7375 0.12222222222222222 0.7546875 0.09537037037037037 0.7536458333333333 0.08333333333333333 0.7515625 0.08055555555555556 0.7473958333333334 0.08333333333333333
0 0.778125 0.03518518518518519 0.7713541666666667 0.04722222222222222 0.7744791666666667 0.06018518518518518 0.778125 0.05925925925925926 0.79375 0.03611111111111111 0.7963541666666667 0.025 0.7911458333333333 0.017592592592592594
3 0.9994791666666667 0 0 0 0 0.5990740740740741 0.0046875 0.600925925925926 0.011979166666666667 0.6194444444444445 0.016145833333333335 0.6212962962962963 0.021875 0.6296296296296297 0.0296875 0.6324074074074074 0.034375 0.6416666666666667 0.042708333333333334 0.649074074074074 0.044270833333333336 0.6574074074074074 0.05416666666666667 0.6787037037037037 0.05364583333333333 0.6851851851851852 0.0578125 0.6898148148148148 0.0609375 0.7055555555555556 0.0609375 0.7231481481481481 0.0578125 0.7444444444444445 0.05364583333333333 0.7509259259259259 0.05364583333333333 0.7555555555555555 0.049479166666666664 0.7583333333333333 0.049479166666666664 0.762962962962963 0.043229166666666666 0.7768518518518519 0.033854166666666664 0.7861111111111111 0.03229166666666667 0.7962962962962963 0.03333333333333333 0.8 0.0234375 0.8 0.021354166666666667 0.8037037037037037 0.022916666666666665 0.8083333333333333 0.0203125 0.8148148148148148 0.015104166666666667 0.8166666666666667 0.011458333333333333 0.812962962962963 0.004166666666666667 0.8175925925925925 0.005729166666666666 0.8203703703703704 0 0.825925925925926 0 0.9990740740740741 0.4739583333333333 0.9990740740740741 0.47708333333333336 0.9962962962962963 0.5046875 0.9962962962962963 0.5125 0.9842592592592593 0.5119791666666667 0.9796296296296296 0.5161458333333333 0.9787037037037037 0.5223958333333333 0.9648148148148148 0.5260416666666666 0.9629629629629629 0.528125 0.9555555555555556 0.534375 0.9472222222222222 0.5364583333333334 0.937962962962963 0.5432291666666667 0.9333333333333333 0.55 0.9166666666666666 0.5536458333333333 0.9148148148148149 0.5640625 0.8944444444444445 0.5671875 0.8935185185185185 0.5760416666666667 0.8768518518518519 0.5776041666666667 0.8685185185185185 0.5848958333333333 0.8629629629629629 0.6036458333333333 0.8268518518518518 0.6104166666666667 0.8194444444444444 0.6302083333333334 0.7842592592592592 0.6338541666666667 0.7796296296296297 0.6369791666666667 0.7805555555555556 0.6364583333333333 0.775 0.6598958333333333 0.7342592592592593 0.6661458333333333 0.7342592592592593 0.6645833333333333 0.7296296296296296 0.6682291666666667 0.7212962962962963 0.6796875 0.7212962962962963 0.6796875 0.7018518518518518 0.6854166666666667 0.687962962962963 0.6890625 0.6851851851851852 0.6890625 0.6916666666666667 0.6927083333333334 0.6935185185185185 0.6921875 0.6851851851851852 0.6953125 0.6712962962962963 0.7005208333333334 0.6657407407407407 0.703125 0.6694444444444444 0.6984375 0.6777777777777778 0.7005208333333334 0.675 0.7036458333333333 0.6787037037037037 0.70625 0.6759259259259259 0.7052083333333333 0.6675925925925926 0.7072916666666667 0.6638888888888889 0.7052083333333333 0.6611111111111111 0.7098958333333333 0.6481481481481481 0.7151041666666667 0.6425925925925926 0.7447916666666666 0.5888888888888889 0.7473958333333334 0.5879629629629629 0.7583333333333333 0.5648148148148148 0.7630208333333334 0.5601851851851852 0.7838541666666666 0.5212962962962963 0.7885416666666667 0.5166666666666667 0.8140625 0.46944444444444444 0.8203125 0.46296296296296297 0.8244791666666667 0.45185185185185184 0.8453125 0.4212962962962963 0.8505208333333333 0.40925925925925927 0.8640625 0.3888888888888889 0.865625 0.3824074074074074 0.871875 0.37592592592592594 0.8833333333333333 0.35555555555555557 0.8869791666666667 0.3574074074074074 0.8864583333333333 0.3509259259259259 0.8895833333333333 0.3416666666666667 0.909375 0.30925925925925923 0.9145833333333333 0.2962962962962963 0.9182291666666667 0.29444444444444445 0.9213541666666667 0.2851851851851852 0.9291666666666667 0.2759259259259259 0.9291666666666667 0.2722222222222222 0.934375 0.2657407407407407 0.9354166666666667 0.25833333333333336 0.9442708333333333 0.2490740740740741 0.9864583333333333 0.17407407407407408 0.9895833333333334 0.17222222222222222 0.9947916666666666 0.16018518518518518 0.9994791666666667 0.15648148148148147