3 0.3177083333333333 0.13333333333333333 0.3229166666666667 0.14814814814814814 0.31927083333333334 0.18611111111111112 0.31979166666666664 0.20277777777777778 0.32447916666666665 0.2175925925925926 0.31979166666666664 0.22407407407407406 0.3171875 0.2388888888888889 0.31666666666666665 0.2722222222222222 0.3125 0.2851851851851852 0.31354166666666666 0.29907407407407405 0.31197916666666664 0.3111111111111111 0.3067708333333333 0.32407407407407407 0.30364583333333334 0.32407407407407407 0.29739583333333336 0.3351851851851852 0.2890625 0.3416666666666667 0.2864583333333333 0.35185185185185186 0.2875 0.36203703703703705 0.3302083333333333 0.3814814814814815 0.3625 0.40185185185185185 0.3927083333333333 0.42685185185185187 0.41822916666666665 0.45555555555555555 0.43697916666666664 0.48333333333333334 0.4630208333333333 0.5361111111111111 0.4744791666666667 0.5740740740740741 0.48333333333333334 0.6194444444444445 0.4875 0.6694444444444444 0.4875 0.7027777777777777 0.48541666666666666 0.712037037037037 0.4864583333333333 0.7314814814814815 0.48333333333333334 0.7592592592592593 0.46822916666666664 0.8425925925925926 0.45677083333333335 0.8805555555555555 0.4484375 0.9212962962962963 0.4328125 0.9805555555555555 0.43072916666666666 0.9907407407407407 0.43072916666666666 0.9953703703703703 0.4328125 0.9972222222222222 0.7395833333333334 0.9990740740740741 0.7427083333333333 0.9768518518518519 0.7432291666666667 0.9388888888888889 0.7453125 0.9333333333333333 0.7479166666666667 0.9398148148148148 0.7526041666666666 0.9351851851851852 0.7442708333333333 0.9305555555555556 0.74375 0.9175925925925926 0.7463541666666667 0.8898148148148148 0.7489583333333333 0.8851851851851852 0.7479166666666667 0.8722222222222222 0.7494791666666667 0.8694444444444445 0.7541666666666667 0.8101851851851852 0.7578125 0.7907407407407407 0.7640625 0.7861111111111111 0.7604166666666666 0.7824074074074074 0.7630208333333334 0.775 0.7625 0.7685185185185185 0.7682291666666666 0.7351851851851852 0.771875 0.7231481481481481 0.7770833333333333 0.7185185185185186 0.7755208333333333 0.7101851851851851 0.7802083333333333 0.6944444444444444 0.784375 0.6898148148148148 0.7838541666666666 0.6814814814814815 0.7875 0.6675925925925926 0.8015625 0.6268518518518519 0.8026041666666667 0.6018518518518519 0.796875 0.5879629629629629 0.803125 0.5787037037037037 0.8020833333333334 0.5731481481481482 0.8041666666666667 0.5657407407407408 0.8052083333333333 0.5416666666666666 0.8104166666666667 0.5120370370370371 0.8104166666666667 0.4925925925925926 0.8145833333333333 0.4675925925925926 0.8130208333333333 0.4546296296296296 0.8171875 0.4398148148148148 0.8223958333333333 0.3731481481481482 0.8276041666666667 0.34814814814814815 0.8380208333333333 0.33425925925925926 0.8510416666666667 0.33240740740740743 0.9994791666666667 0.35 0.9994791666666667 0.1925925925925926 0.9973958333333334 0.19166666666666668 0.6984375 0.1685185185185185 0.33125 0.12962962962962962
0 0.49166666666666664 0.7129629629629629 0.49270833333333336 0.7185185185185186 0.5005208333333333 0.7185185185185186 0.5171875 0.6712962962962963 0.5140625 0.6675925925925926 0.5083333333333333 0.6675925925925926
0 0.5302083333333333 0.6166666666666667 0.5307291666666667 0.6231481481481481 0.5380208333333333 0.6231481481481481 0.5552083333333333 0.5879629629629629 0.5552083333333333 0.5814814814814815 0.5473958333333333 0.5814814814814815
0 0.5713541666666667 0.5370370370370371 0.5713541666666667 0.5425925925925926 0.5786458333333333 0.5444444444444444 0.5953125 0.5175925925925926 0.5979166666666667 0.5083333333333333 0.5901041666666667 0.5074074074074074
0 0.615625 0.4703703703703704 0.6161458333333333 0.4759259259259259 0.6223958333333334 0.47685185185185186 0.6427083333333333 0.44814814814814813 0.6390625 0.4444444444444444 0.634375 0.44537037037037036
0 0.6630208333333333 0.412962962962963 0.6619791666666667 0.4185185185185185 0.6682291666666667 0.4203703703703704 0.6901041666666666 0.3972222222222222 0.6885416666666667 0.39351851851851855 0.6828125 0.3925925925925926
0 0.7109375 0.36666666666666664 0.7098958333333333 0.36944444444444446 0.7119791666666667 0.37222222222222223 0.7171875 0.37222222222222223 0.7380208333333333 0.35555555555555557 0.7390625 0.35185185185185186 0.7338541666666667 0.34814814814814815
0 0.7630208333333334 0.32592592592592595 0.7609375 0.3277777777777778 0.7614583333333333 0.3314814814814815 0.765625 0.33425925925925926 0.7880208333333333 0.3194444444444444 0.7901041666666667 0.3138888888888889 0.7833333333333333 0.31203703703703706
0 0.8145833333333333 0.2953703703703704 0.8177083333333334 0.3 0.8447916666666667 0.2861111111111111 0.8432291666666667 0.2824074074074074 0.8390625 0.2814814814814815
0 0.8697916666666666 0.2675925925925926 0.8734375 0.2722222222222222 0.9 0.262037037037037 0.9010416666666666 0.25833333333333336 0.89375 0.2564814814814815
0 0.9296875 0.24351851851851852 0.928125 0.24814814814814815 0.9364583333333333 0.2490740740740741 0.959375 0.24074074074074073 0.9578125 0.23703703703703705 0.9494791666666667 0.23703703703703705
0 0.9885416666666667 0.22777777777777777 0.9880208333333333 0.23055555555555557 0.9911458333333333 0.23333333333333334 0.9994791666666667 0.2324074074074074 0.9994791666666667 0.225
3 0.013020833333333334 0.17592592592592593 0.011979166666666667 0.18425925925925926 0.0171875 0.21481481481481482 0.0234375 0.22870370370370371 0.027604166666666666 0.25092592592592594 0.028125 0.27037037037037037 0.0328125 0.2814814814814815 0.03125 0.28703703703703703 0.0421875 0.2962962962962963 0.041666666666666664 0.3416666666666667 0.04479166666666667 0.35833333333333334 0.06041666666666667 0.3648148148148148 0.10364583333333334 0.35185185185185186 0.10729166666666666 0.3453703703703704 0.10677083333333333 0.33796296296296297 0.10989583333333333 0.33425925925925926 0.10677083333333333 0.30833333333333335 0.10572916666666667 0.30092592592592593 0.0953125 0.2824074074074074 0.08958333333333333 0.25833333333333336 0.0890625 0.24814814814814815 0.09270833333333334 0.24166666666666667 0.10208333333333333 0.23796296296296296 0.10208333333333333 0.23148148148148148 0.1078125 0.21388888888888888 0.09895833333333333 0.21296296296296297 0.09270833333333334 0.2064814814814815 0.09427083333333333 0.19074074074074074 0.09166666666666666 0.1787037037037037 0.09114583333333333 0.15833333333333333 0.0984375 0.15462962962962962 0.0984375 0.14351851851851852 0.05364583333333333 0.15648148148148147 0.01875 0.17037037037037037
3 0.7552083333333334 0.937962962962963 0.7567708333333333 0.9444444444444444 0.7546875 0.9990740740740741 0.9994791666666667 0.9990740740740741 0.9994791666666667 0.7288231481481482 0.996875 0.725 0.9994791666666667 0.7195046296296297 0.9994791666666667 0.7101851851851851 0.9911458333333333 0.7398148148148148 0.9833333333333333 0.7796296296296297 0.965625 0.8851851851851852 0.95625 0.8953703703703704 0.940625 0.8962962962962963 0.8453125 0.8759259259259259 0.8057291666666667 0.8657407407407407 0.7921875 0.8583333333333333 0.7869791666666667 0.8472222222222222 0.7854166666666667 0.8379629629629629 0.7895833333333333 0.7509259259259259 0.7942708333333334 0.7027777777777777 0.7895833333333333 0.6990740740740741 0.7854166666666667 0.7185185185185186 0.7786458333333334 0.7333333333333333 0.7802083333333333 0.7416666666666667 0.7739583333333333 0.7574074074074074 0.775 0.7611111111111111 0.7682291666666666 0.7953703703703704 0.7572916666666667 0.8935185185185185 0.7583333333333333 0.912962962962963
2 0.7421875 0.9527777777777777 0.740625 0.9990740740740741 0.753125 0.9990740740740741 0.7604166666666666 0.8712962962962963 0.7661458333333333 0.8138888888888889 0.78125 0.7305555555555555 0.8020833333333334 0.6611111111111111 0.8041666666666667 0.6462962962962963 0.8036458333333333 0.6305555555555555 0.8 0.6342592592592593 0.7854166666666667 0.6722222222222223 0.7619791666666667 0.7583333333333333 0.75 0.8481481481481481
3 0.7416666666666667 0.9592592592592593 0.740625 0.9990740740740741 0.7536458333333333 0.9990740740740741 0.7604166666666666 0.8722222222222222 0.7661458333333333 0.8138888888888889 0.7817708333333333 0.7287037037037037 0.8020833333333334 0.6611111111111111 0.8036458333333333 0.6296296296296297 0.7963541666666667 0.6425925925925926 0.7854166666666667 0.6722222222222223 0.7625 0.7574074074074074 0.7510416666666667 0.8361111111111111