2 0.9141304347826087 0.946047678795483 0.8891304347826087 0.9498117942283564 0.9152173913043479 0.9673776662484316 0.9619565217391305 0.9673776662484316 0.9380434782608695 0.9498117942283564
2 0.41630434782608694 0.6260978670012547 0.4076086956521739 0.6260978670012547 0.8315217391304348 0.9134253450439147 0.8489130434782609 0.9196988707653702 0.8847826086956522 0.918444165621079
0 0.2612641304347826 0.6296988707653701 0.23843804347826086 0.6309535759096613 0.26995978260869563 0.6334629861982434
0 0.2858695652173913 0.6286072772898369 0.28369565217391307 0.6298619824341279 0.28695652173913044 0.6311166875784191 0.31956521739130433 0.6298619824341279 0.31956521739130433 0.6286072772898369 0.3173913043478261 0.6273525721455459
0 0.3282608695652174 0.6286072772898369 0.32717391304347826 0.6298619824341279 0.3347826086956522 0.6298619824341279 0.33804347826086956 0.6286072772898369 0.35978260869565215 0.6286072772898369 0.36086956521739133 0.6273525721455459 0.36630434782608695 0.6273525721455459 0.3695652173913043 0.6260978670012547 0.36630434782608695 0.6248431618569636 0.36086956521739133 0.6248431618569636 0.3467391304347826 0.6260978670012547 0.3456521739130435 0.6273525721455459 0.3402173913043478 0.6260978670012547 0.33152173913043476 0.6286072772898369
0 0.38369565217391305 0.6248431618569636 0.3826086956521739 0.6260978670012547 0.3782608695652174 0.6260978670012547 0.3826086956521739 0.6286072772898369 0.40543478260869564 0.6273525721455459 0.4097826086956522 0.6260978670012547 0.4076086956521739 0.6248431618569636 0.3934782608695652 0.6235884567126725 0.3916663043478261 0.6273525721455459 0.3847826086956522 0.6273525721455459
0 0.42282608695652174 0.6235884567126725 0.4217391304347826 0.6260978670012547 0.42391304347826086 0.6248431618569636 0.42717391304347824 0.6260978670012547 0.4467391304347826 0.6248431618569636 0.44782608695652176 0.6235884567126725 0.45217391304347826 0.6223337515683814 0.4532608695652174 0.6235884567126725 0.45543478260869563 0.6223337515683814 0.45108695652173914 0.6210790464240903 0.4449271739130435 0.6210790464240903 0.4351445652173913 0.6248431618569636 0.4326086956521739 0.6210790464240903 0.4315217391304348 0.6223337515683814 0.42391304347826086 0.6223337515683814
0 0.46956521739130436 0.6198243412797992 0.46304347826086956 0.6223337515683814 0.48043478260869565 0.6223337515683814 0.4902173913043478 0.6198243412797992 0.48695652173913045 0.6185696361355082 0.47608695652173916 0.6185696361355082 0.475 0.6198243412797992
0 0.5076086956521739 0.616060225846926 0.5 0.6185696361355082 0.5010869565217392 0.6198243412797992 0.5195652173913043 0.6198243412797992 0.5260869565217391 0.6185696361355082 0.5217391304347826 0.617314930991217 0.5206521739130435 0.6185696361355082 0.5163043478260869 0.617314930991217 0.5152173913043478 0.616060225846926
0 0.5391304347826087 0.6122961104140527 0.5391304347826087 0.6135508155583438 0.5369565217391304 0.6148055207026348 0.5413043478260869 0.616060225846926 0.5510869565217391 0.616060225846926 0.5521739130434783 0.6148055207026348 0.5565217391304348 0.6148055207026348 0.5619565217391305 0.6122961104140527 0.5456521739130434 0.6122961104140527 0.5445652173913044 0.6135508155583438 0.5413043478260869 0.6135508155583438
3 0.04565217391304348 0.589711417816813 0.03152173913043478 0.5934755332496863 0 0.5909661229611042 0 0.6223337515683814 0.06847826086956521 0.6273525721455459 0.2532608695652174 0.6286072772898369 0.26521739130434785 0.6323713927227101 0.27608695652173915 0.657465495608532 0.23804347826086958 0.904642409033877 0.23804347826086958 0.9146800501882058 0.24239130434782608 0.917189460476788 0.7641304347826087 0.917189460476788 0.8152173913043478 0.9159347553324969 0.8195652173913044 0.9121706398996235 0.8456521739130435 0.917189460476788 0.8717391304347826 0.917189460476788 0.8760869565217392 0.9121706398996235 0.8913043478260869 0.917189460476788 0.9989130434782608 0.917189460476788 0.9989130434782608 0.7611530740276036 0.8087760869565217 0.7018419071518194 0.6698565217391305 0.6601053952321205 0.5813673913043478 0.6227616060225847 0.5766097826086957 0.6150727728983689 0.5908826086956521 0.6095809284818068 0.64455 0.6036687578419072 0.7949010869565217 0.600651191969887 0.9125673913043478 0.6081969887076537 0.9989130434782608 0.612723964868256 0.9989130434782608 0.6035131744040151 0.9956521739130435 0.6010037641154329 0.5467391304347826 0.5821831869510665 0.46647173913043477 0.5789397741530741 0.4319945652173913 0.5803011292346298 0.5351315217391305 0.5850627352572145 0.5528119565217391 0.587444165621079 0.5595902173913043 0.5925470514429109 0.5433826086956521 0.6010501882057716 0.49782608695652175 0.6072772898368883 0.48695652173913045 0.6085319949811794 0.47472282608695654 0.6088732747804266 0.46630434782608693 0.6097867001254705 0.2743434782608696 0.6173776662484316 0.2608695652173913 0.617314930991217 0.1108695652173913 0.6135508155583438 0.06571304347826087 0.6068331242158093 0.07042717391304348 0.5986687578419072 0.11164565217391305 0.5947302383939774 0.12282608695652174 0.5947302383939774 0.12282608695652174 0.5909661229611042 0.1004663043478261 0.5947302383939774 0.08586956521739131 0.589711417816813