0 0.0140625 0.674074074074074 0 0.6824074074074075 0 0.7046296296296296 0.0296875 0.6851851851851852 0.025520833333333333 0.6712962962962963
0 0.058333333333333334 0.6462962962962963 0.059895833333333336 0.6611111111111111 0.06458333333333334 0.662962962962963 0.1046875 0.6388888888888888 0.10729166666666666 0.6314814814814815 0.1046875 0.6222222222222222 0.09635416666666667 0.6222222222222222
0 0.13645833333333332 0.5962962962962963 0.13489583333333333 0.5990740740740741 0.13645833333333332 0.6083333333333333 0.13958333333333334 0.6129629629629629 0.14375 0.6129629629629629 0.17760416666666667 0.5925925925925926 0.18229166666666666 0.5879629629629629 0.18229166666666666 0.5842592592592593 0.17864583333333334 0.5731481481481482 0.1734375 0.5740740740740741
0 0.209375 0.55 0.20989583333333334 0.5638888888888889 0.215625 0.5666666666666667 0.2484375 0.5472222222222223 0.25364583333333335 0.5398148148148149 0.2515625 0.5287037037037037 0.246875 0.5277777777777778
0 0.2791666666666667 0.5074074074074074 0.2791666666666667 0.5175925925925926 0.2828125 0.5222222222222223 0.3182291666666667 0.5018518518518519 0.3223958333333333 0.49722222222222223 0.3223958333333333 0.4935185185185185 0.31979166666666664 0.48518518518518516 0.315625 0.4842592592592593
0 0.34739583333333335 0.46296296296296297 0.3484375 0.47685185185185186 0.35260416666666666 0.4787037037037037 0.38697916666666665 0.4583333333333333 0.3885416666666667 0.45 0.3859375 0.4425925925925926 0.38229166666666664 0.44166666666666665
0 0.4119791666666667 0.42314814814814816 0.41458333333333336 0.43703703703703706 0.4197916666666667 0.4361111111111111 0.44947916666666665 0.41759259259259257 0.45208333333333334 0.4111111111111111 0.44947916666666665 0.40185185185185185 0.44427083333333334 0.40185185185185185
0 0.475 0.3824074074074074 0.4744791666666667 0.39351851851851855 0.48020833333333335 0.3972222222222222 0.5114583333333333 0.3768518518518518 0.5125 0.3675925925925926 0.5098958333333333 0.36203703703703705 0.5046875 0.362962962962963
0 0.534375 0.3453703703703704 0.5348958333333333 0.35648148148148145 0.540625 0.35833333333333334 0.56875 0.34074074074074073 0.5708333333333333 0.33796296296296297 0.5708333333333333 0.3287037037037037 0.5651041666666666 0.325
0 0.5932291666666667 0.30648148148148147 0.5916666666666667 0.3138888888888889 0.5958333333333333 0.32222222222222224 0.6265625 0.3037037037037037 0.6286458333333333 0.2962962962962963 0.6265625 0.28703703703703703 0.621875 0.287962962962963
0 0.6479166666666667 0.27314814814814814 0.6479166666666667 0.2824074074074074 0.6510416666666666 0.28703703703703703 0.6817708333333333 0.26666666666666666 0.6828125 0.25462962962962965 0.6796875 0.2518518518518518 0.6744791666666666 0.2537037037037037
0 0.7026041666666667 0.23796296296296296 0.7026041666666667 0.24722222222222223 0.70625 0.2518518518518518 0.7338541666666667 0.23425925925925925 0.7369791666666666 0.22592592592592592 0.734375 0.2175925925925926 0.7296875 0.21851851851851853
0 0.7546875 0.20555555555555555 0.7546875 0.21388888888888888 0.7583333333333333 0.21851851851851853 0.7859375 0.2 0.7885416666666667 0.19166666666666668 0.7869791666666667 0.18518518518518517 0.7817708333333333 0.18518518518518517
0 0.80625 0.1712962962962963 0.8067708333333333 0.18425925925925926 0.8114583333333333 0.18425925925925926 0.8364583333333333 0.1675925925925926 0.8385416666666666 0.1648148148148148 0.8385416666666666 0.1574074074074074 0.834375 0.15185185185185185
0 0.85625 0.1398148148148148 0.85625 0.14907407407407408 0.8588541666666667 0.1537037037037037 0.8864583333333333 0.13518518518518519 0.8880208333333334 0.125 0.8833333333333333 0.12037037037037036
0 0.9046875 0.10833333333333334 0.9046875 0.11944444444444445 0.9088541666666666 0.12222222222222222 0.9348958333333334 0.1037037037037037 0.9364583333333333 0.0962962962962963 0.9354166666666667 0.09074074074074075 0.93125 0.08981481481481482
0 0.9520833333333333 0.07962962962962963 0.9526041666666667 0.09074074074074075 0.9567708333333333 0.09166666666666666 0.9817708333333334 0.07407407407407407 0.9828125 0.06296296296296296 0.98125 0.05925925925925926 0.9770833333333333 0.06018518518518518
3 0.9994791666666667 0 0 0 0 0.7953703703703704 0.020833333333333332 0.8018518518518518 0.044270833333333336 0.8240740740740741 0.05364583333333333 0.8462962962962963 0.058333333333333334 0.8685185185185185 0.0578125 0.9111111111111111 0.05364583333333333 0.9185185185185185 0.04791666666666667 0.9416666666666667 0.034375 0.9675925925925926 0.0171875 0.9888888888888889 0.011458333333333333 0.9916666666666667 0.017708333333333333 0.9990740740740741 0.2520833333333333 0.9990740740740741 0.6197916666666666 0.7129629629629629 0.9994791666666667 0.425