0 0.9598958333333333 0.04351851851851852 0.9583333333333334 0.046296296296296294 0.978125 0.046296296296296294 0.9770833333333333 0.04351851851851852
3 0.2421875 0 0.23802083333333332 0.05 0.24010416666666667 0.06759259259259259 0.2375 0.0712962962962963 0.24010416666666667 0.075 0.2390625 0.08888888888888889 0.23645833333333333 0.09166666666666666 0.2390625 0.1 0.23697916666666666 0.10555555555555556 0.24010416666666667 0.10925925925925926 0.2890625 0.125 0.3151041666666667 0.14074074074074075 0.33697916666666666 0.16111111111111112 0.34791666666666665 0.17777777777777778 0.3578125 0.20833333333333334 0.359375 0.24074074074074073 0.3546875 0.2601851851851852 0.22916666666666666 0.5638888888888889 0.19947916666666668 0.6194444444444445 0.16770833333333332 0.6657407407407407 0.1171875 0.725925925925926 0.058333333333333334 0.7833333333333333 0 0.8314814814814815 0 0.9990740740740741 0.7958333333333333 0.9990740740740741 0.840625 0.9944444444444445 0.8244791666666667 0.9694444444444444 0.7739583333333333 0.9046296296296297 0.7385416666666667 0.8472222222222222 0.7192708333333333 0.8101851851851852 0.7 0.7657407407407407 0.6838541666666667 0.7212962962962963 0.6677083333333333 0.6537037037037037 0.6645833333333333 0.6222222222222222 0.6635416666666667 0.575925925925926 0.66875 0.3296296296296296 0.6713541666666667 0.2898148148148148 0.6760416666666667 0.2601851851851852 0.6859375 0.23333333333333334 0.703125 0.20462962962962963 0.7234375 0.18425925925925926 0.725 0.1787037037037037 0.7286458333333333 0.09259259259259259 0.7270833333333333 0.0712962962962963 0.7291666666666666 0.06759259259259259 0.7307291666666667 0.044444444444444446 0.7302083333333333 0
0 0.3609375 0.23425925925925925 0.3609375 0.2388888888888889 0.36666666666666664 0.23796296296296296 0.3765625 0.21944444444444444 0.3697916666666667 0.21944444444444444
0 0.38697916666666665 0.19537037037037036 0.3854166666666667 0.20092592592592592 0.38958333333333334 0.20185185185185187 0.4 0.18981481481481483 0.4015625 0.18425925925925926 0.39739583333333334 0.1824074074074074
0 0.41302083333333334 0.1638888888888889 0.41302083333333334 0.1685185185185185 0.41770833333333335 0.1675925925925926 0.4296875 0.1527777777777778 0.42552083333333335 0.15092592592592594
2 0.44166666666666665 0.5527777777777778 0.4427083333333333 0.562037037037037 0.44947916666666665 0.5611111111111111 0.5125 0.2759259259259259 0.5239583333333333 0.24444444444444444 0.5385416666666667 0.21574074074074073 0.575 0.1675925925925926 0.6125 0.13518518518518519 0.6682291666666667 0.10092592592592593 0.728125 0.0787037037037037 0.7302083333333333 0.07222222222222222 0.7161458333333334 0.07407407407407407 0.6739583333333333 0.09074074074074075 0.615625 0.12407407407407407 0.5776041666666667 0.1537037037037037 0.55625 0.17685185185185184 0.5307291666666667 0.21296296296296297 0.5145833333333333 0.24444444444444444 0.5005208333333333 0.287962962962963 0.4583333333333333 0.47962962962962963 0.4479166666666667 0.5157407407407407
0 0.4421875 0.13518518518518519 0.4427083333333333 0.1388888888888889 0.44635416666666666 0.1388888888888889 0.4609375 0.125 0.4557291666666667 0.12314814814814815
0 0.4744791666666667 0.10833333333333334 0.4739583333333333 0.11203703703703703 0.4791666666666667 0.11203703703703703 0.4921875 0.1 0.4875 0.09907407407407408
0 0.5083333333333333 0.08611111111111111 0.5078125 0.08888888888888889 0.5125 0.08888888888888889 0.5265625 0.07777777777777778 0.521875 0.07685185185185185
0 0.54375 0.06481481481481481 0.5432291666666667 0.06851851851851852 0.5479166666666667 0.06851851851851852 0.5630208333333333 0.06018518518518518 0.5604166666666667 0.05740740740740741
0 0.5802083333333333 0.04814814814814815 0.5802083333333333 0.05092592592592592 0.5854166666666667 0.05092592592592592 0.6 0.04259259259259259 0.596875 0.04537037037037037 0.5942708333333333 0.041666666666666664
0 0.6166666666666667 0.03425925925925926 0.6192708333333333 0.03796296296296296 0.6284958333333334 0.0342037037037037 0.6411458333333333 0.027777777777777776 0.6333333333333333 0.025925925925925925
0 0.659375 0.019444444444444445 0.6578125 0.022222222222222223 0.6744791666666666 0.019444444444444445 0.6786458333333333 0.014814814814814815
2 0.75 0.06481481481481481 0.7489583333333333 0.06944444444444445 0.7526041666666666 0.07037037037037037 0.8359375 0.053703703703703705 0.9354166666666667 0.049074074074074076 0.9390625 0.046296296296296294 0.9328125 0.04259259259259259 0.8416666666666667 0.046296296296296294 0.7796875 0.05648148148148148
3 0.7442708333333333 0.07777777777777778 0.7447916666666666 0.11666666666666667 0.7427083333333333 0.1537037037037037 0.7442708333333333 0.1648148148148148 0.7854166666666667 0.14351851851851852 0.8125 0.13333333333333333 0.8692708333333333 0.11944444444444445 0.909375 0.11574074074074074 0.9994791666666667 0.11574074074074074 0.9994791666666667 0 0.7546875 0 0.7479166666666667 0.004629629629629629 0.746875 0.05648148148148148 0.7484375 0.06388888888888888 0.746875 0.06851851851851852 0.7484375 0.0712962962962963
0 0.6994791666666667 0.007407407407407408 0.6994791666666667 0.012037037037037037 0.7192708333333333 0.008333333333333333 0.71875 0.004629629629629629
3 0.7802083333333333 0.2351851851851852 0.7791666666666667 0.24444444444444444 0.7854166666666667 0.30092592592592593 0.7869791666666667 0.33425925925925926 0.790625 0.3527777777777778 0.7958333333333333 0.41944444444444445 0.8067708333333333 0.5101851851851852 0.8286458333333333 0.7333333333333333 0.8395833333333333 0.7388888888888889 0.9994791666666667 0.7546296296296297 0.9994791666666667 0.23703703703703705 0.8322916666666667 0.23148148148148148 0.7859375 0.2324074074074074
1 0.7806151041666667 0.2331046296296296 0.7883937499999999 0.3506444444444445 0.9989651041666666 0.3595333333333333 0.9994791666666667 0.2380425925925926
1 0.7900604166666666 0.34866851851851854 0.8067281249999999 0.5126314814814815 0.9984093749999999 0.5244842592592592 0.9989651041666666 0.3605212962962963
1 0.8072838541666666 0.5126314814814815 0.8289520833333334 0.7358583333333333 0.9994791666666667 0.7546259259259259 0.9989651041666666 0.5264601851851852