2 0.25657395833333335 0.9990740740740741 0.2795510416666667 0.6059064814814815 0.31095260416666665 0.6249685185185185 0.3469494791666667 0.6358611111111111 0.36533072916666665 0.6399453703703704 0.4495791666666667 0.6590083333333334 0.4097526041666667 0.7025787037037037 0.37911666666666666 0.7447879629629629 0.34388593749999996 0.803336111111111 0.3117182291666667 0.8741388888888889 0.2833802083333333 0.9544722222222222 0.2642328125 0.9990740740740741 0.2810828125 0.9990740740740741 0.30252760416666663 0.9258787037037036 0.3346953125 0.8400990740740741 0.3523104166666667 0.8060592592592593 0.38600989583333334 0.7515962962962963 0.43732447916666667 0.6807935185185184 0.46413072916666664 0.653562037037037 0.40439114583333335 0.6385842592592593 0.34388593749999996 0.6249685185185185 0.30865468749999997 0.6127138888888889 0.27112604166666665 0.5950138888888888 0.26653072916666665 0.6481157407407407 0.2596375 0.7570425925925925 0.25121302083333336 0.8836694444444445 0.24278802083333334 0.9939583333333333
0 0.23177083333333334 0.5814814814814815 0.2328125 0.5861111111111111 0.24791666666666667 0.5944444444444444 0.2546875 0.5935185185185186 0.25833333333333336 0.5888888888888889 0.24166666666666667 0.5777777777777777
0 0.19791666666666666 0.5574074074074075 0.19791666666666666 0.5611111111111111 0.21145833333333333 0.5703703703703704 0.2203125 0.5648148148148148 0.20625 0.5537037037037037
0 0.16927083333333334 0.5305555555555556 0.16822916666666668 0.5324074074074074 0.1703125 0.5361111111111111 0.17864583333333334 0.5444444444444444 0.18541666666666667 0.5444444444444444 0.18958333333333333 0.5398148148148149 0.1796875 0.5277777777777778
0 0.15052083333333333 0.5037037037037037 0.14947916666666666 0.5083333333333333 0.15520833333333334 0.5166666666666667 0.15833333333333333 0.5185185185185185 0.165625 0.5148148148148148 0.1578125 0.5018518518518519
0 0.13541666666666666 0.4787037037037037 0.14010416666666667 0.49166666666666664 0.14947916666666666 0.487962962962963 0.14427083333333332 0.4759259259259259
0 0.4744791666666667 0.6555555555555556 0.4734375 0.6611111111111111 0.47604166666666664 0.662962962962963 0.5057291666666667 0.6648148148148149 0.5088541666666667 0.6611111111111111 0.5083333333333333 0.6574074074074074 0.5046875 0.6564814814814814
0 0.5411458333333333 0.6611111111111111 0.540625 0.6675925925925926 0.571875 0.6685185185185185 0.575 0.6648148148148149 0.5744791666666667 0.6611111111111111 0.5713541666666667 0.6601851851851852
0 0.609375 0.6611111111111111 0.6083333333333333 0.6685185185185185 0.6380208333333334 0.6685185185185185 0.6432291666666666 0.6638888888888889 0.6416666666666667 0.6592592592592592
0 0.675 0.6574074074074074 0.6760416666666667 0.6638888888888889 0.7067708333333333 0.6620370370370371 0.7109375 0.6574074074074074 0.7098958333333333 0.6537037037037037
0 0.7411458333333333 0.6481481481481481 0.7411458333333333 0.6546296296296297 0.746875 0.6564814814814814 0.7692708333333333 0.6509259259259259 0.775 0.6462962962962963 0.7729166666666667 0.6425925925925926 0.765625 0.6425925925925926
0 0.8854166666666666 0.6064814814814815 0.8838541666666667 0.6092592592592593 0.8854166666666666 0.612037037037037 0.8927083333333333 0.612037037037037 0.9119791666666667 0.6037037037037037 0.9130208333333333 0.5990740740740741 0.9057291666666667 0.5962962962962963
0 0.9307291666666667 0.5842592592592593 0.9317708333333333 0.5888888888888889 0.9375 0.5898148148148148 0.9552083333333333 0.5796296296296296 0.9567708333333333 0.575925925925926 0.9494791666666667 0.5722222222222222
0 0.9703125 0.5583333333333333 0.96875 0.5601851851851852 0.9697916666666667 0.5638888888888889 0.9760416666666667 0.5648148148148148 0.9911458333333333 0.5537037037037037 0.9921875 0.55 0.984375 0.5472222222222223
0 0.9645833333333333 0.2851851851851852 0.9630208333333333 0.28888888888888886 0.96875 0.29444444444444445 0.9786458333333333 0.2953703703703704 0.9744791666666667 0.287962962962963
0 0.9875 0.30277777777777776 0.9875 0.3074074074074074 0.9994791666666667 0.3175925925925926 0.9994791666666667 0.3055555555555556
0 0.9395833333333333 0.27037037037037037 0.9401041666666666 0.275 0.9473958333333333 0.2796296296296296 0.9552083333333333 0.27870370370370373 0.9479166666666666 0.2712962962962963
0 0.9130208333333333 0.2574074074074074 0.921875 0.2657407407407407 0.9286458333333333 0.26481481481481484 0.9286458333333333 0.262037037037037 0.9229166666666667 0.25833333333333336
0 0.8942708333333333 0.24444444444444444 0.8859375 0.24444444444444444 0.8927083333333333 0.2518518518518518 0.9026041666666667 0.2518518518518518
0 0.8651041666666667 0.23703703703703705 0.8661458333333333 0.24074074074074073 0.8734375 0.24074074074074073 0.8734375 0.23703703703703705
0 0.7546875 0.2064814814814815 0.7546875 0.2101851851851852 0.7671875 0.2101851851851852
0 0.7244791666666667 0.20185185185185187 0.7255208333333333 0.20555555555555555 0.7401041666666667 0.20555555555555555 0.7401041666666667 0.20277777777777778
0 0.69375 0.19814814814814816 0.7010416666666667 0.20277777777777778 0.7098958333333333 0.20092592592592592 0.7078125 0.19814814814814816
0 0.6671875 0.19444444444444445 0.6635416666666667 0.19537037037037036 0.6635416666666667 0.19907407407407407 0.6755208333333333 0.2 0.6791666666666667 0.19722222222222222
0 0.6328125 0.1935185185185185 0.6333333333333333 0.19722222222222222 0.6401041666666667 0.19814814814814816 0.6489583333333333 0.19537037037037036
0 0.6015625 0.1935185185185185 0.6010416666666667 0.1962962962962963 0.6052083333333333 0.19722222222222222 0.6171875 0.19537037037037036 0.6161458333333333 0.19166666666666668
0 0.571875 0.19444444444444445 0.5703125 0.1962962962962963 0.5859375 0.1962962962962963
2 0.7783203125 0.21013703703703704 0.9628161458333333 0.19067962962962962 0.9177864583333334 0.20346574074074072 0.8915192708333334 0.21514074074074074 0.8649395833333333 0.23459722222222223 0.8624380208333334 0.23793333333333336 0.8680666666666668 0.23960092592592594 0.8865161458333334 0.22292314814814815 0.9215390625000001 0.20568981481481483 0.9728223958333333 0.1912361111111111 0.9994791666666667 0.1867888888888889 0.9990895833333333 0.18234166666666668 0.7736302083333333 0.2079138888888889 0.7654994791666667 0.21069351851851853 0.7780078125000001 0.21069351851851853
2 0.7789458333333333 0.21013703703703704 0.8658776041666666 0.23404166666666665 0.8624380208333334 0.23848888888888886 0.7689395833333333 0.21180462962962962
3 0.9992557291666666 0.14814814814814814 0.9992557291666666 0.2473546296296296 0.9903276041666668 0.25529074074074076 0.9806546875 0.2791009259259259 0.9821427083333333 0.2923277777777778 0.9970239583333333 0.3148148148148148 0.9994791666666667 0.3214287037037037 0.9985119791666667 0.6058203703703703 0.8936010416666667 0.609787962962963 0.8258927083333333 0.6256611111111111 0.7321427083333333 0.6719574074074075 0.6748510416666667 0.7222222222222222 0.6130953125 0.8187833333333333 0.5922619791666667 0.8862435185185186 0.5796130208333333 0.9523805555555555 0.5788692708333334 0.9947092592592593 0.0014880208333333334 0.9960314814814815 0.0014880208333333334 0.8253972222222222 0.1294640625 0.42328055555555555 0.14732135416666667 0.3730157407407408 0.1755953125 0.3280425925925926 0.211309375 0.30158703703703704 0.24851197916666665 0.2751324074074074 0.2797619791666667 0.25661388888888886 0.3072916666666667 0.2460314814814815 0.34151770833333334 0.23280462962962964 0.39732135416666664 0.21957685185185186 0.4322916666666667 0.2116398148148148 0.47470260416666665 0.20502685185185185 0.49032760416666665 0.20105833333333334 0.49330364583333336 0.23941759259259263 0.4501489583333333 0.24867685185185187 0.40178593749999997 0.2658731481481481 0.35714270833333334 0.2817462962962963 0.3162203125 0.3148148148148148 0.2916666666666667 0.3505287037037037 0.28571406250000003 0.38756574074074074 0.29464270833333334 0.41534351851851853 0.33035729166666666 0.46163981481481486 0.37946406250000003 0.48412685185185184 0.453125 0.5132277777777777 0.4970239583333333 0.5158731481481482 0.5930057291666666 0.522487037037037 0.7023807291666666 0.5145500000000001 0.789434375 0.48412685185185184 0.8422619791666667 0.4537037037037037 0.8712796875 0.42328055555555555 0.8839286458333333 0.3783064814814815 0.875 0.33730185185185185 0.8556546875 0.31216944444444444 0.789434375 0.26851851851851855 0.7254463541666667 0.2473546296296296 0.6450890625 0.23280462962962964 0.5833333333333334 0.23148148148148148 0.49330364583333336 0.23941759259259263 0.49032760416666665 0.20105833333333334
0 0.12864583333333332 0.4527777777777778 0.1296875 0.4648148148148148 0.13854166666666667 0.4601851851851852 0.13697916666666668 0.45
0 0.1265625 0.43425925925925923 0.12604166666666666 0.4388888888888889 0.13489583333333333 0.43703703703703706 0.13541666666666666 0.425 0.1296875 0.425