2 0.8826086956521739 0.6122961104140527 0.8771739130434782 0.6122961104140527 0.8826086956521739 0.616060225846926 0.9989130434782608 0.6373902132998746 0.9989130434782608 0.6323713927227101 0.8880434782608696 0.6122961104140527
2 0.4691391304347826 0.5885545796737767 0.47476195652173914 0.5882032622333752 0.47309021739130436 0.5850464240903388 0.4843358695652174 0.5829410288582183 0.48448804347826085 0.5817126725219574 0.47354565217391303 0.5820639899623589 0.4679228260869565 0.5868005018820577
0 0.7740108695652175 0.6155094102885822 0.8038 0.6137904642409033 0.8020619565217392 0.6097791718946048 0.7737630434782609 0.6086323713927226
0 0.81075 0.6140765370138017 0.8432695652173913 0.6143638644918444 0.8407880434782609 0.6109247176913425 0.813729347826087 0.6074868255959849 0.8109989130434783 0.6106386449184441
0 0.8527032608695652 0.6143638644918444 0.8802576086956522 0.6140765370138017 0.8812510869565218 0.6117841907151819 0.8608945652173914 0.6114981179422835 0.8534478260869566 0.6120715181932246
0 0.8931663043478261 0.6143638644918444 0.9165010869565218 0.6135043914680051 0.9150108695652174 0.6114981179422835 0.8916771739130435 0.6109247176913425
0 0.9241956521739131 0.6140765370138017 0.9532402173913044 0.6135043914680051 0.9467858695652174 0.6086323713927226 0.9254369565217392 0.608918444165621
0 0.9567152173913044 0.612357590966123 0.9775673913043478 0.6120715181932246 0.9775673913043478 0.6103513174404015 0.9614315217391305 0.6077728983688833 0.9542326086956522 0.6106386449184441
0 0.9832771739130435 0.612357590966123 0.9984195652173914 0.6120715181932246 0.997675 0.6066260978670013 0.9850152173913044 0.6092057716436637
1 0.22780434782608697 0.7483651191969887 0.9978989130434782 0.7665570890840653 0.9989130434782608 0.7558067754077792 0.7994652173913044 0.677249686323714 0.30803804347826086 0.6722873274780427
1 0.3560336956521739 0.6375570890840653 0.3087543478260869 0.6722873274780427 0.7994652173913044 0.6805570890840652 0.7106358695652174 0.6408644918444165
3 0.22608695652173913 0.5972396486825596 0 0.6072772898368883 0 0.9159347553324969 0.9989130434782608 0.9159347553324969 0.9989130434782608 0.7691342534504392 0.9880434782608696 0.7653701380175659 0.9945652173913043 0.7616060225846926 0.9510869565217391 0.740276035131744 0.8130434782608695 0.685069008782936 0.7793478260869565 0.6750313676286073 0.7184782608695652 0.6474278544542033 0.6891304347826087 0.6411543287327478 0.6793478260869565 0.6323713927227101 0.6608695652173913 0.6273525721455459 0.5760869565217391 0.6135508155583438 0.47934782608695653 0.6085319949811794 0.4108695652173913 0.5997490589711418 0.23478260869565218 0.5972396486825596
3 0.003678260869565217 0.5925319949811794 0.0031521739130434784 0.5998105395232121 0.20805760869565218 0.5937452948557089 0.33677934782608693 0.5913186951066499 0.41348804347826085 0.5901066499372647 0.4928228260869565 0.593138017565872 0.6141891304347826 0.6046612296110414 0.7518434782608696 0.609513174404015 0.7639271739130434 0.6070878293601004 0.7576228260869565 0.6052685069008783 0.6189184782608695 0.5967779171894605 0.562175 0.5913186951066499 0.5374815217391304 0.5882873274780427 0.5274989130434783 0.5840414052697616 0.5485152173913044 0.5791894604767879 0.6094608695652174 0.5785834378920953 0.5979021739130436 0.5773701380175659 0.49492391304347827 0.5785834378920953 0.3924717391304348 0.5822220828105396
3 0.76025 0.6143651191969887 0.7618260869565218 0.6052685069008783 0.9483423913043478 0.5992032622333752 0.9683076086956521 0.593138017565872 0.947816304347826 0.5907126725219574 0.8584989130434783 0.5810087829360101 0.9977293478260869 0.5840414052697616 0.9982554347826087 0.6738005018820578