2 0.5565684782608695 0.6814918444165621 0.5747739130434782 0.6837427854454203 0.5637206521739131 0.6582245922208281 0.5396641304347826 0.6432132998745295 0.5026021739130435 0.6319560853199498 0.46099021739130436 0.6206976160602259 0.42522934782608696 0.6176951066499372 0.3712630434782609 0.6116913425345044 0.3211978260869565 0.6094391468005019 0.28413586956521736 0.6086888331242158 0.28413586956521736 0.6116913425345044 0.3420032608695652 0.6139422835633627 0.36931195652173915 0.6169447929736511 0.40897391304347824 0.6191969887076537 0.44408478260869566 0.6244504391468005 0.48634782608695654 0.6327063989962359 0.5260097826086956 0.646215809284818 0.5539684782608696 0.6619774153074027
0 0.49283695652173914 0.6022208281053952 0.01182608695652174 0.003826850690087829
0 0.5110543478260869 0.6030363864491844 0.012304347826086956 0.002183186951066499
0 0.5269130434782608 0.6046800501882058 0.009934782608695653 0.0010915934755332496
0 0.5441847826086956 0.6063111668757842 0.006619565217391305 0.0032747804265997487
0 0.47675 0.6003011292346299 0.010880434782608696 0.0010915934755332496
0 0.5607391304347826 0.6087703889585947 0.006619565217391305 0.00164366373902133
0 0.5768260869565217 0.6104140526976161 0.01041304347826087 0.00164366373902133
0 0.5943369565217391 0.6134127979924717 0.01041304347826087 0.002183186951066499
0 0.6094782608695652 0.6172396486825596 0.011358695652173912 0.0010915934755332496
0 0.625336956521739 0.6194228356336261 0.010880434782608696 0.0032747804265997487
0 0.641891304347826 0.6235257214554579 0.014673913043478261 0.004918444165621079
0 0.65775 0.6273400250941029 0.012304347826086956 0.003826850690087829
0 0.6745434782608696 0.6314429109159347 0.016565217391304347 0.002183186951066499
0 0.458054347826087 0.5994855708908406 0.007576086956521739 0.0005520702634880803
0 0.4398369565217391 0.5989335006273526 0.01182608695652174 0.00164366373902133
3 0.2543478260869565 0.6035131744040151 0.2467391304347826 0.6122961104140527 0.2510869565217391 0.6210790464240903 0.2902173913043478 0.6248431618569636 0.2956521739130435 0.6286072772898369 0.29239130434782606 0.6348808030112923 0.29782608695652174 0.6373902132998746 0.30543478260869567 0.6286072772898369 0.31521739130434784 0.6336260978670013 0.34347826086956523 0.6323713927227101 0.3717391304347826 0.64366373902133 0.3793478260869565 0.6524466750313677 0.3793478260869565 0.6587202007528231 0.36086956521739133 0.6787954830614805 0.27391304347826084 0.7139272271016311 0.1358695652173913 0.7490589711417817 0 0.7766624843161857 0 0.917189460476788 0.7891304347826087 0.917189460476788 0.8065217391304348 0.9222082810539524 0.8260869565217391 0.917189460476788 0.9989130434782608 0.917189460476788 0.9989130434782608 0.7277289836888331 0.8869565217391304 0.7063989962358845 0.782608695652174 0.6800501882057717 0.6956521739130435 0.6461731493099122 0.691304347826087 0.6398996235884568 0.691304347826087 0.6273525721455459 0.6967391304347826 0.6210790464240903 0.7315217391304348 0.6135508155583438 0.7445652173913043 0.616060225846926 0.7641304347826087 0.6085319949811794 0.8032608695652174 0.6122961104140527 0.8326086956521739 0.6060225846925973 0.8239130434782609 0.5984943538268507 0.7260869565217392 0.5972396486825596 0.716304347826087 0.6010037641154329 0.7065217391304348 0.5972396486825596 0.6434782608695652 0.5972396486825596 0.6043478260869565 0.6010037641154329 0.5565217391304348 0.5972396486825596 0.5434782608695652 0.5984943538268507 0.5380434782608695 0.6035131744040151 0.5260869565217391 0.5972396486825596 0.4902173913043478 0.5972396486825596 0.48478260869565215 0.5984943538268507 0.483695652173913 0.6035131744040151 0.44456521739130433 0.6010037641154329 0.4380434782608696 0.6060225846925973 0.4108695652173913 0.6072772898368883 0.39565217391304347 0.6010037641154329 0.36195652173913045 0.6010037641154329 0.3565217391304348 0.6047678795483061
3 0.8235510869565218 0.5952547051442911 0.817454347826087 0.6122622333751568 0.998829347826087 0.6163676286072773 0.9978130434782609 0.601120451693852
3 0.001016304347826087 0.6022923462986198 0 0.6216461731493099 0.25402608695652173 0.623405269761606 0.29974999999999996 0.6269234629861983 0.36224021739130435 0.5999473023839398 0 0.5993601003764115
1 0.8484456521739131 0.5976010037641154 0.8250760869565218 0.605224592220828 0.9989130434782608 0.6087440401505646 0.998829347826087 0.601120451693852