2 0.45897916666666666 0.9956250000000001 0.47301562500000005 0.9881388888888889 0.4982802083333333 0.4691166666666667 0.4856479166666666 0.46662129629629634
2 0.48143697916666667 0.8134685185185185 0.48143697916666667 0.7635620370370371 0.5215375 0.6649583333333333 0.5488104166666666 0.6188342592592593 0.5909182291666667 0.5689287037037037 0.6232015625 0.5414805555555555 0.6365723958333334 0.5319666666666667 0.5956395833333333 0.520675 0.5469442708333333 0.5049916666666666 0.4968369791666667 0.4855453703703704 0.4968369791666667 0.47801759259259263 0.5264776041666667 0.49056388888888885 0.5607057291666667 0.5049916666666666 0.5959927083333334 0.5131472222222222 0.6309265624999999 0.5219296296296296 0.6475109375 0.5307120370370371 0.5952869791666667 0.5758787037037036 0.5412979166666666 0.6467666666666667 0.5109515625000001 0.7145166666666667 0.4926026041666667 0.7766212962962963
0 0.4588541666666667 0.4583333333333333 0.45989583333333334 0.462037037037037 0.46822916666666664 0.4675925925925926 0.4786458333333333 0.4675925925925926 0.4661458333333333 0.4583333333333333
0 0.4322916666666667 0.43703703703703706 0.43020833333333336 0.4388888888888889 0.4322916666666667 0.44351851851851853 0.4401041666666667 0.44907407407407407 0.4479166666666667 0.44907407407407407 0.44583333333333336 0.4444444444444444
0 0.4083333333333333 0.4166666666666667 0.40677083333333336 0.4203703703703704 0.41354166666666664 0.42777777777777776 0.42291666666666666 0.42777777777777776 0.41822916666666665 0.4203703703703704
0 0.39010416666666664 0.3972222222222222 0.38958333333333334 0.4 0.39479166666666665 0.4074074074074074 0.40260416666666665 0.4074074074074074 0.396875 0.39814814814814814
0 0.3776041666666667 0.3787037037037037 0.3807291666666667 0.387037037037037 0.3885416666666667 0.387037037037037 0.38385416666666666 0.37777777777777777
0 0.37135416666666665 0.35833333333333334 0.37135416666666665 0.36574074074074076 0.37395833333333334 0.3685185185185185 0.3770833333333333 0.36944444444444446 0.3802083333333333 0.36574074074074076 0.3765625 0.3574074074074074
0 0.3692708333333333 0.3425925925925926 0.3697916666666667 0.35 0.37604166666666666 0.34629629629629627 0.3734375 0.3388888888888889
0 0.6572916666666667 0.5314814814814814 0.6572916666666667 0.5361111111111111 0.6598958333333333 0.5370370370370371 0.6802083333333333 0.5416666666666666 0.6859375 0.5398148148148149 0.6817708333333333 0.5351851851851852
0 0.7135416666666666 0.5416666666666666 0.7135416666666666 0.5462962962962963 0.7177083333333333 0.5481481481481482 0.7442708333333333 0.55 0.74375 0.5462962962962963 0.7401041666666667 0.5444444444444444
0 0.7729166666666667 0.549074074074074 0.7723958333333333 0.5518518518518518 0.7760416666666666 0.5546296296296296 0.8036458333333333 0.5546296296296296 0.8015625 0.55
0 0.8338541666666667 0.5509259259259259 0.8328125 0.5555555555555556 0.8359375 0.5574074074074075 0.8640625 0.5564814814814815 0.8619791666666666 0.5518518518518518
0 0.8932291666666666 0.5509259259259259 0.8921875 0.5546296296296296 0.8963541666666667 0.5583333333333333 0.9234375 0.5537037037037037 0.9192708333333334 0.55
0 0.7583333333333333 0.1814814814814815 0.7604166666666666 0.18518518518518517 0.7723958333333333 0.18518518518518517 0.7697916666666667 0.1814814814814815
0 0.7958333333333333 0.1814814814814815 0.7880208333333333 0.1824074074074074 0.7890625 0.18518518518518517 0.8026041666666667 0.18518518518518517
0 0.8166666666666667 0.18425925925925926 0.8197916666666667 0.18796296296296297 0.8322916666666667 0.18888888888888888 0.8317708333333333 0.18518518518518517
0 0.8473958333333333 0.18703703703703703 0.8473958333333333 0.18981481481481483 0.8625 0.19166666666666668 0.8604166666666667 0.18796296296296297
0 0.8776041666666666 0.19074074074074074 0.8760416666666667 0.1925925925925926 0.8796875 0.19537037037037036 0.8927083333333333 0.19537037037037036 0.8911458333333333 0.1925925925925926
0 0.9067708333333333 0.19537037037037036 0.9072916666666667 0.19907407407407407 0.921875 0.2
0 0.9369791666666667 0.20185185185185187 0.940625 0.20555555555555555 0.946875 0.2037037037037037 0.9473958333333333 0.2064814814814815 0.9510416666666667 0.2064814814814815
2 0.9503041666666667 0.20713796296296297 0.9994791666666667 0.20120092592592592 0.9994791666666667 0.20647870370370372 0.9610651041666666 0.20779814814814815 0.9994791666666667 0.21703333333333333 0.9989135416666667 0.22099166666666667
3 0.996875 0.17314814814814813 0.965625 0.17314814814814813 0.9421875 0.17685185185185184 0.9036458333333334 0.17592592592592593 0.8760416666666667 0.17962962962962964 0.8473958333333333 0.1787037037037037 0.8208333333333333 0.18333333333333332 0.80625 0.1824074074074074 0.8036458333333333 0.18518518518518517 0.740625 0.18333333333333332 0.6640625 0.18611111111111112 0.5776041666666667 0.1962962962962963 0.5052083333333334 0.21388888888888888 0.4973958333333333 0.21944444444444444 0.48072916666666665 0.22407407407407406 0.4296875 0.25092592592592594 0.40729166666666666 0.26944444444444443 0.3880208333333333 0.2935185185185185 0.3807291666666667 0.30925925925925923 0.37395833333333334 0.3333333333333333 0.3692708333333333 0.33611111111111114 0.3625 0.3351851851851852 0.3619791666666667 0.3453703703703704 0.36770833333333336 0.3453703703703704 0.3697916666666667 0.34814814814814815 0.3671875 0.36018518518518516 0.3723958333333333 0.37222222222222223 0.3625 0.37592592592592594 0.3614583333333333 0.3824074074074074 0.35885416666666664 0.3851851851851852 0.32864583333333336 0.4842592592592593 0.32135416666666666 0.5018518518518519 0.29739583333333336 0.5842592592592593 0.23802083333333332 0.7731481481481481 0.234375 0.7898148148148149 0.18020833333333333 0.9592592592592593 0.1703125 0.9944444444444445 0.17083333333333334 0.9990740740740741 0.7692708333333333 0.9990740740740741 0.759375 0.9453703703703704 0.7536458333333333 0.9259259259259259 0.7473958333333334 0.8898148148148148 0.7432291666666667 0.875 0.7375 0.8388888888888889 0.7354166666666667 0.8101851851851852 0.7359375 0.7703703703703704 0.7390625 0.7453703703703703 0.7432291666666667 0.725 0.7520833333333333 0.6962962962962963 0.7661458333333333 0.6666666666666666 0.7802083333333333 0.6444444444444445 0.79375 0.6277777777777778 0.8161458333333333 0.6064814814814815 0.8484375 0.5833333333333334 0.8890625 0.5638888888888889 0.890625 0.5574074074074075 0.9010416666666666 0.5583333333333333 0.9557291666666666 0.5462962962962963 0.9994791666666667 0.5407407407407407 0.9994791666666667 0.41574074074074074 0.946875 0.4351851851851852 0.9145833333333333 0.4425925925925926 0.8567708333333334 0.45 0.7473958333333334 0.44814814814814813 0.6713541666666667 0.4361111111111111 0.590625 0.4083333333333333 0.553125 0.3888888888888889 0.5296875 0.3712962962962963 0.5145833333333333 0.3574074074074074 0.5010416666666667 0.3333333333333333 0.49895833333333334 0.32314814814814813 0.5005208333333333 0.2935185185185185 0.5057291666666667 0.2898148148148148 0.5140625 0.2759259259259259 0.5286458333333334 0.262037037037037 0.5385416666666667 0.2564814814814815 0.5432291666666667 0.25 0.5536458333333333 0.24814814814814815 0.5713541666666667 0.23796296296296296 0.6255208333333333 0.22314814814814815 0.7052083333333333 0.21296296296296297 0.7729166666666667 0.21481481481481482 0.8489583333333334 0.2222222222222222 0.8734375 0.22777777777777777 0.8760416666666667 0.23425925925925925 0.9088541666666666 0.2361111111111111 0.9286458333333333 0.24259259259259258 0.9322916666666666 0.2462962962962963 0.95625 0.2518518518518518 0.9729166666666667 0.262037037037037 0.9838541666666667 0.2638888888888889 0.9885416666666667 0.27037037037037037 0.9994791666666667 0.275 0.9994791666666667 0.17314814814814813