0 0.5041666666666667 0.9740740740740741 0.5020833333333333 0.9990740740740741 0.5192708333333333 0.9990740740740741 0.5213541666666667 0.9768518518518519 0.5197916666666667 0.9685185185185186 0.5067708333333333 0.9675925925925926
0 0.5135416666666667 0.8648148148148148 0.5125 0.8935185185185185 0.5182291666666666 0.8972222222222223 0.5270833333333333 0.8962962962962963 0.5328125 0.8342592592592593 0.5322916666666667 0.8166666666666667 0.5223958333333333 0.8148148148148148 0.51875 0.8175925925925925
0 0.5255208333333333 0.7324074074074074 0.5260416666666666 0.7555555555555555 0.5385416666666667 0.7546296296296297 0.54375 0.7 0.5432291666666667 0.6888888888888889 0.5296875 0.6888888888888889
0 0.5359375 0.6185185185185185 0.5359375 0.6361111111111111 0.5484375 0.6361111111111111 0.5515625 0.5805555555555556 0.5395833333333333 0.5814814814814815
0 0.5447916666666667 0.5185185185185185 0.5442708333333334 0.5324074074074074 0.5458333333333333 0.5361111111111111 0.5546875 0.5361111111111111 0.5572916666666666 0.5324074074074074 0.559375 0.48703703703703705 0.55 0.4861111111111111 0.5479166666666667 0.4888888888888889
0 0.553125 0.42592592592592593 0.553125 0.4462962962962963 0.5625 0.4462962962962963 0.5640625 0.44351851851851853 0.5661458333333333 0.4074074074074074 0.5630208333333333 0.4046296296296296 0.55625 0.40555555555555556
0 0.5598958333333334 0.3509259259259259 0.559375 0.36944444444444446 0.5692708333333333 0.36944444444444446 0.5723958333333333 0.33611111111111114 0.5630208333333333 0.33425925925925926
0 0.5661458333333333 0.2851851851851852 0.5651041666666666 0.3 0.5671875 0.30277777777777776 0.575 0.30185185185185187 0.5776041666666667 0.2722222222222222 0.56875 0.2712962962962963
0 0.5708333333333333 0.22870370370370371 0.5713541666666667 0.24259259259259258 0.5791666666666667 0.24259259259259258 0.5822916666666667 0.21574074074074073 0.5729166666666666 0.21574074074074073
0 0.5760416666666667 0.17407407407407408 0.5755208333333334 0.18888888888888888 0.5838541666666667 0.18888888888888888 0.5854166666666667 0.1648148148148148 0.578125 0.1648148148148148
0 0.5802083333333333 0.12685185185185185 0.5796875 0.1398148148148148 0.58125 0.1425925925925926 0.5885416666666666 0.1398148148148148 0.5895833333333333 0.11944444444444445 0.5817708333333333 0.11944444444444445
0 0.584375 0.0824074074074074 0.5838541666666667 0.09814814814814815 0.5916666666666667 0.09814814814814815 0.5932291666666667 0.07962962962962963 0.5869791666666667 0.07777777777777778
0 0.5875 0.04537037037037037 0.5875 0.06018518518518518 0.5947916666666667 0.05925925925925926 0.5963541666666666 0.04259259259259259 0.590625 0.040740740740740744
0 0.5911458333333334 0.011111111111111112 0.5901041666666667 0.023148148148148147 0.5979166666666667 0.023148148148148147 0.5989583333333334 0.008333333333333333 0.5932291666666667 0.007407407407407408
3 0.10572916666666667 0.9740740740740741 0.10729166666666666 0.9805555555555555 0.10416666666666667 0.9907407407407407 0.11666666666666667 0.9990740740740741 0.9734375 0.9990740740740741 0.9776041666666667 0.9916666666666667 0.9848958333333333 0.9916666666666667 0.9760416666666667 0.9898148148148148 0.9734375 0.9842592592592593 0.9703125 0.9629629629629629 0.9651041666666667 0.9444444444444444 0.965625 0.9351851851851852 0.9630208333333333 0.9277777777777778 0.9645833333333333 0.9212962962962963 0.9604166666666667 0.9111111111111111 0.9552083333333333 0.8861111111111111 0.9526041666666667 0.8833333333333333 0.9484375 0.8472222222222222 0.9494791666666667 0.8361111111111111 0.9453125 0.8314814814814815 0.9421875 0.8203703703703704 0.9421875 0.8111111111111111 0.9385416666666667 0.8 0.9348958333333334 0.7685185185185185 0.928125 0.7416666666666667 0.9270833333333334 0.7333333333333333 0.9291666666666667 0.7314814814814815 0.9286458333333333 0.7231481481481481 0.925 0.725925925925926 0.9234375 0.7212962962962963 0.9197916666666667 0.687962962962963 0.9166666666666666 0.6814814814814815 0.9109375 0.6564814814814814 0.9104166666666667 0.6472222222222223 0.9994791666666667 0.6444444444444445 0.9994791666666667 0 0.421875 0 0.421875 0.009259259259259259 0.4119791666666667 0.02962962962962963 0.4078125 0.05185185185185185 0.4010416666666667 0.06481481481481481 0.39427083333333335 0.09351851851851851 0.38697916666666665 0.10925925925925926 0.3807291666666667 0.1361111111111111 0.378125 0.1388888888888889 0.36770833333333336 0.17037037037037037 0.36614583333333334 0.18425925925925926 0.35885416666666664 0.19537037037037036 0.35260416666666666 0.22037037037037038 0.3453125 0.23425925925925925 0.3385416666666667 0.26481481481481484 0.33177083333333335 0.27870370370370373 0.32864583333333336 0.2972222222222222 0.3255208333333333 0.30185185185185187 0.3151041666666667 0.33240740740740743 0.3109375 0.35185185185185186 0.3072916666666667 0.35555555555555557 0.3072916666666667 0.3611111111111111 0.3026041666666667 0.36944444444444446 0.303125 0.3731481481481482 0.30104166666666665 0.37592592592592594 0.29739583333333336 0.3972222222222222 0.2864583333333333 0.41759259259259257 0.2869791666666667 0.42777777777777776 0.27395833333333336 0.4601851851851852 0.26979166666666665 0.48055555555555557 0.26666666666666666 0.48333333333333334 0.265625 0.4898148148148148 0.2598958333333333 0.5018518518518519 0.2557291666666667 0.5231481481481481 0.24479166666666666 0.5481481481481482 0.2390625 0.5731481481481482 0.23385416666666667 0.5833333333333334 0.23072916666666668 0.5842592592592593 0.23177083333333334 0.5879629629629629 0.22760416666666666 0.6083333333333333 0.2203125 0.6240740740740741 0.21666666666666667 0.6259259259259259 0.2171875 0.6361111111111111 0.2140625 0.65 0.209375 0.662962962962963 0.20416666666666666 0.6675925925925926 0.20520833333333333 0.6712962962962963 0.20260416666666667 0.675 0.19947916666666668 0.6962962962962963 0.1921875 0.7092592592592593 0.19270833333333334 0.7129629629629629 0.18958333333333333 0.7166666666666667 0.1859375 0.7351851851851852 0.18333333333333332 0.7361111111111112 0.18177083333333333 0.7472222222222222 0.17916666666666667 0.7509259259259259 0.17916666666666667 0.7546296296296297 0.17552083333333332 0.7583333333333333 0.17604166666666668 0.7620370370370371 0.171875 0.7796296296296297 0.1671875 0.7851851851851852 0.16822916666666668 0.7898148148148149 0.1609375 0.7925925925925926 0.16510416666666666 0.7962962962962963 0.16041666666666668 0.799074074074074 0.15833333333333333 0.8222222222222222 0.15364583333333334 0.8277777777777777 0.1546875 0.8314814814814815 0.146875 0.8416666666666667 0.14791666666666667 0.8453703703703703 0.14583333333333334 0.8481481481481481 0.14479166666666668 0.8629629629629629 0.13958333333333334 0.8685185185185185 0.14010416666666667 0.8740740740740741 0.13125 0.8759259259259259 0.12864583333333332 0.8796296296296297 0.13385416666666666 0.8851851851851852 0.13125 0.8888888888888888 0.13072916666666667 0.9074074074074074 0.1265625 0.9101851851851852 0.12708333333333333 0.9148148148148149 0.12291666666666666 0.9203703703703704 0.11927083333333334 0.9175925925925926 0.12135416666666667 0.9231481481481482 0.11822916666666666 0.9314814814814815 0.11770833333333333 0.9453703703703704 0.115625 0.950925925925926 0.1125 0.9518518518518518 0.11302083333333333 0.9583333333333334 0.109375 0.962037037037037