2 0.933695652173913 0.946047678795483 0.9293478260869565 0.9473023839397742 0.9293478260869565 0.9485570890840652 0.9489130434782609 0.9611041405269761 0.9619565217391305 0.9673776662484316 0.9989130434782608 0.9686323713927227 0.9989130434782608 0.9573400250941029 0.9826086956521739 0.9485570890840652
2 0.31521739130434784 0.6185696361355082 0.32282608695652176 0.6273525721455459 0.8478260869565217 0.9084065244667503 0.8706521739130435 0.918444165621079 0.9173913043478261 0.918444165621079 0.3576086956521739 0.6348808030112923
0 0.3282608695652174 0.617314930991217 0.32717391304347826 0.6185696361355082 0.3293478260869565 0.6198243412797992 0.33804347826086956 0.6198243412797992 0.35 0.6185696361355082 0.35543478260869565 0.616060225846926 0.3391304347826087 0.616060225846926 0.33804347826086956 0.617314930991217
0 0.3652173913043478 0.6148055207026348 0.3641304347826087 0.616060225846926 0.38804347826086955 0.6148055207026348 0.39021739130434785 0.6122961104140527 0.3717391304347826 0.6122961104140527
0 0.40543478260869564 0.6110414052697616 0.4 0.6122961104140527 0.4043478260869565 0.6135508155583438 0.4108695652173913 0.6135508155583438 0.4217391304347826 0.6122961104140527 0.42282608695652174 0.6097867001254705 0.4217391304347826 0.6085319949811794
0 0.2845869565217391 0.6192496863237139 0.28630869565217393 0.6223739021329987 0.3163163043478261 0.6203864491844416 0.3136108695652174 0.6192496863237139
0 0.2393282608695652 0.6249284818067754 0.2764695652173913 0.6223739021329987 0.2764695652173913 0.6201016311166876 0.24006630434782608 0.6206700125470515
0 0.1962836956521739 0.6269159347553325 0.23022717391304348 0.6252132998745296 0.2277673913043478 0.6223739021329987 0.19751304347826085 0.623224592220828 0.19259347826086956 0.6274843161856963
0 0.4284782608695652 0.610732747804266 0.44914021739130433 0.610732747804266 0.44692608695652175 0.6078933500627353
3 0.45869565217391306 0.6097867001254705 0.4315217391304348 0.6135508155583438 0.3934782608695652 0.6122961104140527 0.3869565217391304 0.617314930991217 0.358695652173913 0.6185696361355082 0.3532608695652174 0.6235884567126725 0.33369565217391306 0.6223337515683814 0.32717391304347826 0.6273525721455459 0.31630434782608696 0.6223337515683814 0.2967391304347826 0.6223337515683814 0.2510869565217391 0.6273525721455459 0.21956521739130436 0.6260978670012547 0.1956521739130435 0.6286072772898369 0.1923913043478261 0.6323713927227101 0.19782608695652174 0.7026348808030113 0.20652173913043478 0.740276035131744 0.2108695652173913 0.8117942283563363 0.21521739130434783 0.8444165621079046 0.22065217391304348 0.8582183186951067 0.22065217391304348 0.9109159347553325 0.23695652173913043 0.918444165621079 0.6956521739130435 0.9196988707653702 0.8315217391304348 0.918444165621079 0.8652173913043478 0.9146800501882058 0.9010869565217391 0.918444165621079 0.9043478260869565 0.9134253450439147 0.925 0.918444165621079 0.9989130434782608 0.917189460476788 0.9989130434782608 0.7728983688833124 0.9271739130434783 0.7515683814303639 0.9054347826086957 0.7490589711417817 0.8739130434782608 0.7365119196988708 0.841304347826087 0.7302383939774153 0.5282608695652173 0.6386449184441656 0.48043478260869565 0.6210790464240903 0.46195652173913043 0.6097867001254705
3 0.45760869565217394 0.5796737766624843 0.4489130434782609 0.5821831869510665 0.45217391304347826 0.5909661229611042 0.4423913043478261 0.5959849435382685 0.3967391304347826 0.6022584692597239 0.2554347826086957 0.6122961104140527 0.11195652173913044 0.6148055207026348 0.10543478260869565 0.6185696361355082 0.09239130434782608 0.6148055207026348 0.042391304347826085 0.6148055207026348 0.035869565217391305 0.6198243412797992 0.02608695652173913 0.6148055207026348 0.002173913043478261 0.6122961104140527 0 0.6260978670012547 0.19021739130434784 0.6273525721455459 0.20978260869565218 0.6235884567126725 0.2684782608695652 0.6235884567126725 0.3130434782608696 0.617314930991217 0.34782608695652173 0.6198243412797992 0.3717391304347826 0.6148055207026348 0.46630434782608693 0.6085319949811794 0.483695652173913 0.6022584692597239 0.5141304347826087 0.5984943538268507 0.5315217391304348 0.5859473023839398 0.5402173913043479 0.5846925972396487 0.4641304347826087 0.5796737766624843
3 0.5184782608695652 0.5809284818067754 0.5054347826086957 0.5846925972396487 0.5402173913043479 0.5947302383939774 0.6695652173913044 0.5947302383939774 0.9989130434782608 0.6085319949811794 0.9989130434782608 0.5959849435382685 0.9945652173913043 0.5947302383939774 0.5195652173913043 0.5809284818067754