3 0.30104166666666665 0.9907407407407407 0.3 0.9990740740740741 0.9994791666666667 0.9990740740740741 0.9994791666666667 0.03796296296296296 0.9630208333333333 0.04722222222222222 0.9234375 0.06296296296296296 0.88125 0.08796296296296297 0.8625 0.11018518518518519 0.8489583333333334 0.11203703703703703 0.8520833333333333 0.13425925925925927 0.8484375 0.14166666666666666 0.8380208333333333 0.15 0.7578125 0.27685185185185185 0.7364583333333333 0.30648148148148147 0.6010416666666667 0.5231481481481481
2 0.6421130208333333 0.9960314814814815 0.9382442708333334 0.19841296296296296 0.9494046875 0.20105833333333334 0.8928572916666667 0.35185185185185186 0.6569942708333334 0.9986768518518517
2 0.8921130208333333 0.359787962962963 0.9330359375 0.30820092592592596 0.9635416666666666 0.2923277777777778 0.9828869791666667 0.2711638888888889 0.9962796875 0.26455 0.9994791666666667 0.2619046296296297 0.9994791666666667 0.25 0.9672619791666667 0.272487037037037 0.9278276041666668 0.30291018518518514 0.9047619791666667 0.32671944444444445 0.8958333333333334 0.33730185185185185
2 0.9494046875 0.20767222222222223 0.9516369791666667 0.19841296296296296 0.9994791666666667 0.21296296296296297 0.9994791666666667 0.2248675925925926
0 0.9140625 0.18888888888888888 0.9125 0.19166666666666668 0.9135416666666667 0.1935185185185185 0.9208333333333333 0.19722222222222222 0.9296875 0.1935185185185185 0.9286458333333333 0.18981481481481483 0.9223958333333333 0.18703703703703703
0 0.8911458333333333 0.17962962962962964 0.8895833333333333 0.1814814814814815 0.8973958333333333 0.18703703703703703 0.90625 0.1824074074074074 0.8973958333333333 0.17592592592592593
0 0.8739583333333333 0.1685185185185185 0.8734375 0.1712962962962963 0.8786458333333333 0.175 0.8875 0.1712962962962963 0.8869791666666667 0.1675925925925926 0.88125 0.1648148148148148
0 0.8614583333333333 0.1574074074074074 0.8609375 0.16111111111111112 0.8635416666666667 0.16296296296296298 0.8729166666666667 0.16018518518518518 0.8703125 0.15462962962962962
0 0.853125 0.14629629629629629 0.8526041666666667 0.15 0.8546875 0.15185185185185185 0.8640625 0.14814814814814814 0.8625 0.14351851851851852
0 0.8484375 0.13518518518518519 0.8489583333333334 0.14074074074074075 0.8526041666666667 0.14166666666666666 0.8578125 0.13796296296296295 0.8588541666666667 0.13333333333333333 0.8552083333333333 0.13055555555555556
3 0.8489583333333334 0.1259259259259259 0.8520833333333333 0.13240740740740742 0.8546875 0.13055555555555556 0.8536458333333333 0.1259259259259259
0 0.8505208333333333 0.12314814814814815 0.8494791666666667 0.1287037037037037 0.8552083333333333 0.1287037037037037 0.8578125 0.125 0.8557291666666667 0.12037037037037036