3 0.15572916666666667 0 0.18177083333333333 0.08425925925925926 0.19270833333333334 0.10555555555555556 0.20208333333333334 0.1361111111111111 0.20677083333333332 0.14166666666666666 0.20885416666666667 0.1537037037037037 0.21666666666666667 0.16666666666666666 0.21302083333333333 0.19907407407407407 0 0.16203703703703703 0 0.6324074074074074 0.8411458333333334 0.7435185185185185 0.91875 0.7425925925925926 0.9994791666666667 0.7268518518518519 0.9994791666666667 0.27870370370370373 0.9359375 0.30277777777777776 0.896875 0.3101851851851852 0.8463541666666666 0.3111111111111111 0.7739583333333333 0.29814814814814816 0.7052083333333333 0.26944444444444443 0.6364583333333333 0.22407407407407406 0.5833333333333334 0.175 0.5166666666666667 0.0962962962962963 0.4890625 0.05462962962962963 0.4583333333333333 0
0 0.21409010416666666 0.1995398148148148 0.23487552083333335 0.25127314814814816 0.24734635416666664 0.23649166666666666 0.22863958333333334 0.18845462962962964
0 0.2618963541666667 0.30300555555555553 0.2889177083333333 0.354737962962963 0.2993104166666667 0.33995740740740743 0.2743677083333333 0.288225
0 0.32840989583333335 0.402775 0.3554307291666667 0.4471175925925926 0.36582343749999996 0.43603240740740745 0.342959375 0.39538518518518523
0 0.38868749999999996 0.49146018518518525 0.4281796875 0.5321074074074075 0.43441562499999997 0.5099361111111111 0.4011588541666667 0.4766796296296296
0 0.4624536458333333 0.5685305555555555 0.5000765625 0.6075472222222221 0.5047796875 0.5871101851851851 0.4697692708333333 0.5564537037037037
0 0.5800265625000001 0.6707175925925926 0.5371776041666667 0.6382027777777778 0.5413578124999999 0.6233398148148148 0.5800265625000001 0.6521379629629629
0 0.6150369791666667 0.6902259259259259 0.6181723958333334 0.6735037037037037 0.6584083333333334 0.6948703703703704 0.6547505208333334 0.7134499999999999
0 0.6974031249999999 0.7027268518518519 0.6907484375 0.7287537037037036 0.736 0.7334861111111111 0.736 0.7240212962962963
3 0.140625 0 0 0 0 0.14166666666666666 0.027083333333333334 0.14351851851851852 0.14739583333333334 0.17592592592592593 0.15416666666666667 0.17314814814814813 0.19270833333333334 0.175 0.2 0.1787037037037037 0.20208333333333334 0.17222222222222222 0.20052083333333334 0.1638888888888889 0.18802083333333333 0.13796296296296295 0.16666666666666666 0.08148148148148149
2 0.08517916666666667 0.18455462962962962 0.21960208333333334 0.2011175925925926 0.22625677083333334 0.19165277777777778 0.15571770833333334 0.0023657407407407407 0.13974687500000002 0.004732407407407407 0.2023 0.1750898148148148 0 0.13723333333333332 0.001596875 0.17272407407407409